DATE....			TEMP		HUMI		DUST1		DUST2		DUST3
08:44:07		0.00		0.00		14.36		18.17		21
08:44:10		0.00		0.00		14.40		18.17		21
08:44:11		0.00		0.00		14.40		18.17		21
08:44:12		0.00		0.00		14.38		18.17		13
08:44:14		0.00		0.00		14.38		18.17		13
08:44:15		0.00		0.00		14.44		18.27		13
08:44:17		0.00		0.00		14.44		18.27		11
08:44:18		0.00		0.00		14.44		25.37		11
08:44:20		0.00		0.00		14.34		25.37		7
08:44:21		0.00		0.00		14.34		25.37		7
08:44:23		0.00		0.00		14.52		18.39		7
08:44:24		0.00		0.00		14.52		18.39		7
08:44:26		0.00		0.00		14.34		18.23		7
08:44:27		0.00		0.00		14.34		18.23		12
08:44:29		0.00		0.00		14.30		18.21		12
08:44:30		0.00		0.00		14.30		18.21		13
08:44:32		0.00		0.00		14.32		18.20		13
08:44:34		0.00		0.00		14.32		18.20		13
08:44:35		0.00		0.00		14.32		18.20		13
08:44:36		0.00		0.00		14.32		18.18		11
08:44:38		0.00		0.00		14.32		18.18		11
08:44:39		0.00		0.00		14.44		18.18		11
08:44:41		0.00		0.00		14.44		18.18		11
08:44:42		0.00		0.00		14.40		18.18		11
08:44:44		0.00		0.00		14.40		18.18		15
08:44:45		0.00		0.00		14.40		18.18		15
08:44:47		0.00		0.00		14.42		18.19		15
08:44:48		0.00		0.00		14.42		18.19		15
08:44:50		0.00		0.00		14.42		18.18		14
08:44:51		0.00		0.00		14.42		18.18		14
08:44:53		0.00		0.00		14.32		18.18		14
08:44:54		0.00		0.00		14.32		18.18		17
08:44:56		0.00		0.00		14.32		18.18		17
08:44:57		0.00		0.00		14.36		18.18		12
08:44:59		0.00		0.00		14.36		18.18		12
08:45:00		0.00		0.00		14.25		18.18		15
08:45:02		0.00		0.00		14.25		18.18		15
08:45:03		0.00		0.00		14.34		18.18		15
08:45:05		0.00		0.00		14.34		18.18		20
08:45:06		0.00		0.00		14.34		18.18		20
08:45:07		0.00		0.00		14.34		18.18		20
08:45:09		0.00		0.00		14.34		18.18		20
08:45:10		0.00		0.00		14.32		18.17		22
08:45:12		0.00		0.00		14.32		18.17		22
08:45:13		0.00		0.00		14.30		18.17		18
08:45:15		0.00		0.00		14.30		18.17		18
08:45:16		0.00		0.00		14.36		18.17		18
08:45:18		0.00		0.00		14.36		18.17		23
08:45:19		0.00		0.00		14.36		18.17		23
08:45:21		0.00		0.00		14.34		18.17		23
08:45:22		0.00		0.00		14.34		18.17		23
08:45:24		0.00		0.00		14.38		18.17		20
08:45:25		0.00		0.00		14.38		18.17		20
08:45:27		0.00		0.00		14.30		18.18		20
08:45:28		0.00		0.00		14.30		18.18		25
08:45:30		0.00		0.00		14.30		18.17		25
08:45:31		0.00		0.00		14.30		18.17		22
08:45:33		0.00		0.00		14.30		18.17		22
08:45:34		0.00		0.00		14.30		18.17		21
08:45:35		0.00		0.00		14.30		18.17		21
08:45:37		0.00		0.00		14.29		18.17		21
08:45:38		0.00		0.00		14.29		18.17		21
08:45:40		0.00		0.00		14.38		18.17		21
08:45:41		0.00		0.00		14.38		18.17		21
08:45:43		0.00		0.00		14.38		18.18		21
08:45:44		0.00		0.00		14.40		18.18		22
08:45:46		0.00		0.00		14.40		18.18		22
08:45:47		0.00		0.00		14.38		18.18		17
08:45:49		0.00		0.00		14.38		18.18		17
08:45:50		0.00		0.00		14.36		18.18		17
08:45:52		0.00		0.00		14.36		18.18		25
08:45:53		0.00		0.00		14.38		18.19		25
08:45:55		0.00		0.00		14.38		18.19		25
08:45:56		0.00		0.00		14.38		18.19		25
08:45:58		0.00		0.00		14.34		19.10		24
08:45:59		0.00		0.00		14.34		19.10		24
08:46:01		0.00		0.00		14.38		18.23		24
08:46:02		0.00		0.00		14.38		18.23		25
08:46:04		0.00		0.00		14.40		18.20		25
08:46:05		0.00		0.00		14.40		18.20		26
08:46:06		0.00		0.00		14.40		18.20		26
08:46:08		0.00		0.00		14.34		18.19		31
08:46:09		0.00		0.00		14.34		18.19		31
08:46:11		0.00		0.00		14.38		18.19		34
08:46:12		0.00		0.00		14.38		18.19		34
08:46:14		0.00		0.00		14.29		18.18		34
08:46:15		0.00		0.00		14.29		18.18		33
08:46:17		0.00		0.00		14.29		18.18		33
08:46:18		0.00		0.00		14.29		18.18		33
08:46:20		0.00		0.00		14.29		18.18		33
08:46:21		0.00		0.00		14.29		18.18		25
08:46:23		0.00		0.00		14.29		18.18		25
08:46:24		0.00		0.00		14.38		18.18		25
08:46:26		0.00		0.00		14.38		18.18		29
08:46:27		0.00		0.00		14.38		18.18		29
08:46:29		0.00		0.00		14.38		18.18		31
08:46:30		0.00		0.00		14.38		18.18		31
08:46:32		0.00		0.00		14.40		18.18		28
08:46:33		0.00		0.00		14.40		18.18		28
08:46:35		0.00		0.00		14.40		18.18		24
08:46:36		0.00		0.00		14.40		18.18		24
08:46:37		0.00		0.00		14.38		18.18		24
08:46:39		0.00		0.00		14.38		18.18		28
08:46:40		0.00		0.00		14.38		18.18		28
08:46:42		0.00		0.00		14.38		18.18		29
08:46:43		0.00		0.00		14.38		18.18		29
08:46:45		0.00		0.00		14.38		18.18		33
08:46:46		0.00		0.00		14.38		18.18		33
08:46:48		0.00		0.00		14.36		18.18		33
08:46:49		0.00		0.00		14.36		18.18		32
08:46:51		0.00		0.00		14.36		18.18		32
08:46:52		0.00		0.00		14.36		18.18		29
08:46:54		0.00		0.00		14.36		18.18		29
08:46:55		0.00		0.00		14.30		18.18		27
08:46:57		0.00		0.00		14.30		18.18		27
08:46:58		0.00		0.00		14.30		18.18		26
08:47:00		0.00		0.00		14.30		18.18		26
08:47:01		0.00		0.00		14.32		18.18		26
08:47:03		0.00		0.00		14.32		18.18		26
08:47:04		0.00		0.00		14.32		18.18		26
08:47:06		0.00		0.00		14.42		18.18		31
08:47:07		0.00		0.00		14.42		18.18		31
08:47:08		0.00		0.00		14.38		18.18		26
08:47:10		0.00		0.00		14.38		18.18		26
08:47:11		0.00		0.00		14.42		18.18		26
08:47:13		0.00		0.00		14.42		18.18		29
08:47:14		0.00		0.00		14.40		18.18		29
08:47:16		0.00		0.00		14.40		18.18		25
08:47:17		0.00		0.00		14.40		18.18		25
08:47:19		0.00		0.00		14.42		18.18		26
08:47:20		0.00		0.00		14.42		18.18		26
08:47:22		0.00		0.00		14.40		18.18		25
08:47:23		0.00		0.00		14.40		18.18		25
08:47:25		0.00		0.00		14.38		18.18		25
08:47:26		0.00		0.00		14.38		18.18		24
08:47:28		0.00		0.00		14.38		18.18		24
08:47:29		0.00		0.00		14.36		18.18		25
08:47:31		0.00		0.00		14.36		18.18		25
08:47:32		0.00		0.00		14.27		18.18		26
08:47:34		0.00		0.00		14.27		18.18		26
08:47:35		0.00		0.00		14.30		18.18		26
08:47:36		0.00		0.00		14.30		18.18		21
08:47:38		0.00		0.00		14.36		18.18		21
08:47:39		0.00		0.00		14.36		18.18		15
08:47:41		0.00		0.00		14.36		18.18		15
08:47:42		0.00		0.00		14.36		18.18		11
08:47:44		0.00		0.00		14.36		18.18		11
08:47:45		0.00		0.00		14.40		18.18		9
08:47:47		0.00		0.00		14.40		18.18		9
08:47:48		0.00		0.00		14.42		18.18		9
08:47:50		0.00		0.00		14.42		18.18		9
08:47:51		0.00		0.00		14.42		18.18		9
08:47:53		0.00		0.00		14.42		18.18		12
08:47:54		0.00		0.00		14.42		18.18		12
08:47:56		0.00		0.00		14.42		18.18		11
08:47:57		0.00		0.00		14.42		18.18		11
08:47:59		0.00		0.00		14.42		18.18		11
08:48:00		0.00		0.00		14.42		18.18		10
08:48:02		0.00		0.00		14.38		18.18		10
08:48:03		0.00		0.00		14.38		18.18		10
08:48:05		0.00		0.00		14.38		18.18		10
08:48:06		0.00		0.00		14.42		18.79		14
08:48:07		0.00		0.00		14.42		18.79		14
08:48:09		0.00		0.00		15.07		18.25		14
08:48:10		0.00		0.00		15.07		18.25		14
08:48:12		0.00		0.00		14.36		18.22		14
08:48:13		0.00		0.00		14.36		18.22		13
08:48:15		0.00		0.00		14.36		18.22		13
08:48:16		0.00		0.00		14.29		18.21		15
08:48:18		0.00		0.00		14.29		18.21		15
08:48:19		0.00		0.00		14.30		18.21		16
08:48:21		0.00		0.00		14.30		18.21		16
08:48:22		0.00		0.00		14.40		18.21		16
08:48:24		0.00		0.00		14.40		18.21		15
08:48:25		0.00		0.00		14.42		18.20		15
08:48:27		0.00		0.00		14.42		18.20		15
08:48:28		0.00		0.00		14.42		18.20		15
08:48:30		0.00		0.00		14.42		18.22		20
08:48:31		0.00		0.00		14.42		18.22		20
08:48:33		0.00		0.00		14.42		18.20		20
08:48:34		0.00		0.00		14.42		18.20		20
08:48:35		0.00		0.00		14.44		18.19		20
08:48:37		0.00		0.00		14.44		18.19		20
08:48:38		0.00		0.00		14.44		18.19		20
08:48:40		0.00		0.00		14.36		18.19		21
08:48:41		0.00		0.00		14.36		18.19		21
08:48:43		0.00		0.00		14.36		18.19		20
08:48:44		0.00		0.00		14.36		18.19		20
08:48:46		0.00		0.00		14.34		18.19		20
08:48:47		0.00		0.00		14.34		18.19		19
08:48:49		0.00		0.00		14.36		18.19		19
08:48:50		0.00		0.00		14.36		18.19		17
08:48:52		0.00		0.00		14.36		18.19		17
08:48:53		0.00		0.00		14.32		18.19		18
08:48:55		0.00		0.00		14.32		18.19		18
08:48:56		0.00		0.00		14.36		18.19		18
08:48:58		0.00		0.00		14.36		18.19		22
08:48:59		0.00		0.00		14.38		18.19		22
08:49:01		0.00		0.00		14.38		18.19		17
08:49:02		0.00		0.00		14.38		18.19		17
08:49:04		0.00		0.00		14.42		18.19		22
08:49:05		0.00		0.00		14.42		18.19		22
08:49:06		0.00		0.00		14.42		18.19		17
08:49:08		0.00		0.00		14.42		18.19		17
08:49:09		0.00		0.00		14.38		18.19		17
08:49:12		0.00		0.00		14.38		18.19		17
08:49:13		0.00		0.00		14.38		18.19		17
08:49:15		0.00		0.00		14.38		18.19		24
08:49:16		0.00		0.00		14.38		18.19		24
08:49:18		0.00		0.00		14.40		18.19		45
08:49:19		0.00		0.00		14.40		18.19		45
08:49:21		0.00		0.00		14.32		18.59		45
08:49:22		0.00		0.00		14.32		18.59		90
08:49:24		0.00		0.00		14.25		18.22		90
08:49:25		0.00		0.00		14.25		18.22		92
08:49:27		0.00		0.00		14.25		18.22		92
08:49:28		0.00		0.00		14.30		18.20		98
08:49:30		0.00		0.00		14.30		18.20		98
08:49:31		0.00		0.00		14.32		18.20		98
08:49:33		0.00		0.00		14.32		18.20		98
08:49:34		0.00		0.00		14.29		18.20		98
08:49:36		0.00		0.00		14.29		18.20		102
08:49:37		0.00		0.00		14.29		18.20		102
08:49:38		0.00		0.00		14.38		18.20		104
08:49:40		0.00		0.00		14.38		18.20		104
08:49:41		0.00		0.00		14.34		18.19		114
08:49:43		0.00		0.00		14.34		18.19		114
08:49:44		0.00		0.00		14.36		18.20		114
08:49:46		0.00		0.00		14.36		18.20		109
08:49:47		0.00		0.00		14.32		18.20		109
08:49:49		0.00		0.00		14.32		18.20		70
08:49:50		0.00		0.00		14.32		18.20		70
08:49:52		0.00		0.00		14.32		18.19		43
08:49:53		0.00		0.00		14.32		18.19		43
08:49:55		0.00		0.00		14.36		18.19		40
08:49:56		0.00		0.00		14.36		18.19		40
08:49:58		0.00		0.00		14.36		18.20		40
08:49:59		0.00		0.00		14.36		18.20		26
08:50:01		0.00		0.00		14.36		18.19		26
08:50:02		0.00		0.00		14.23		18.19		42
08:50:04		0.00		0.00		14.23		18.19		42
08:50:05		0.00		0.00		14.32		18.19		39
08:50:07		0.00		0.00		14.32		18.19		39
08:50:08		0.00		0.00		14.32		18.19		39
08:50:09		0.00		0.00		14.32		18.19		34
08:50:11		0.00		0.00		14.23		18.19		34
08:50:12		0.00		0.00		14.23		18.19		29
08:50:14		0.00		0.00		14.23		18.19		29
08:50:15		0.00		0.00		14.32		18.19		30
08:50:17		0.00		0.00		14.32		18.19		30
08:50:18		0.00		0.00		14.36		18.20		32
08:50:20		0.00		0.00		14.36		18.20		32
08:50:21		0.00		0.00		14.34		18.21		32
08:50:23		0.00		0.00		14.34		18.21		32
08:50:24		0.00		0.00		14.34		18.21		32
08:50:26		0.00		0.00		14.34		18.20		40
08:50:27		0.00		0.00		14.34		18.20		40
08:50:29		0.00		0.00		14.36		18.19		42
08:50:30		0.00		0.00		14.36		18.19		42
08:50:32		0.00		0.00		14.38		18.19		42
08:50:33		0.00		0.00		14.38		18.19		29
08:50:35		0.00		0.00		14.38		18.19		29
08:50:36		0.00		0.00		14.38		18.19		29
08:50:37		0.00		0.00		14.38		18.19		29
08:50:39		0.00		0.00		14.38		18.18		30
08:50:40		0.00		0.00		14.38		18.18		30
08:50:42		0.00		0.00		14.34		18.18		30
08:50:43		0.00		0.00		14.34		18.18		30
08:50:45		0.00		0.00		14.29		18.19		30
08:50:46		0.00		0.00		14.29		18.19		33
08:50:48		0.00		0.00		14.29		18.19		33
08:50:49		0.00		0.00		14.30		18.19		30
08:50:51		0.00		0.00		14.30		18.19		30
08:50:52		0.00		0.00		14.38		18.19		25
08:50:54		0.00		0.00		14.38		18.19		25
08:50:55		0.00		0.00		14.38		18.19		25
08:50:57		0.00		0.00		14.38		18.19		25
08:50:58		0.00		0.00		14.40		18.19		25
08:51:00		0.00		0.00		14.40		18.19		28
08:51:01		0.00		0.00		14.40		18.19		28
08:51:03		0.00		0.00		14.38		18.19		22
08:51:04		0.00		0.00		14.38		18.19		22
08:51:06		0.00		0.00		14.42		18.18		22
08:51:07		0.00		0.00		14.42		18.18		22
08:51:08		0.00		0.00		14.44		18.18		22
08:51:10		0.00		0.00		14.44		18.18		18
08:51:11		0.00		0.00		14.44		18.18		18
08:51:13		0.00		0.00		14.44		18.19		18
08:51:14		0.00		0.00		14.44		18.19		18
08:51:16		0.00		0.00		14.44		18.19		24
08:51:17		0.00		0.00		14.44		18.19		24
08:51:19		0.00		0.00		14.44		18.20		24
08:51:20		0.00		0.00		14.44		18.20		34
08:51:22		0.00		0.00		14.48		18.19		34
08:51:23		0.00		0.00		14.48		18.19		43
08:51:25		0.00		0.00		14.48		18.19		43
08:51:26		0.00		0.00		14.46		18.19		51
08:51:28		0.00		0.00		14.46		18.19		51
08:51:29		0.00		0.00		14.44		18.19		51
08:51:31		0.00		0.00		14.44		18.19		50
08:51:32		0.00		0.00		14.38		18.19		50
08:51:34		0.00		0.00		14.38		18.19		50
08:51:35		0.00		0.00		14.38		18.19		50
08:51:37		0.00		0.00		14.40		18.19		54
08:51:38		0.00		0.00		14.40		18.19		54
08:51:39		0.00		0.00		14.42		18.19		54
08:51:41		0.00		0.00		14.42		18.19		54
08:51:42		0.00		0.00		14.42		18.19		54
08:51:44		0.00		0.00		14.42		18.19		59
08:51:45		0.00		0.00		14.42		18.19		59
08:51:47		0.00		0.00		14.38		18.19		45
08:51:48		0.00		0.00		14.38		18.19		45
08:51:50		0.00		0.00		14.42		18.19		41
08:51:51		0.00		0.00		14.42		18.19		41
08:51:53		0.00		0.00		14.34		18.18		41
08:51:54		0.00		0.00		14.34		18.18		33
08:51:56		0.00		0.00		14.36		18.19		33
08:51:57		0.00		0.00		14.36		18.19		30
08:51:59		0.00		0.00		14.36		18.19		30
08:52:00		0.00		0.00		14.36		18.18		26
08:52:02		0.00		0.00		14.36		18.18		26
08:52:03		0.00		0.00		14.38		18.18		26
08:52:04		0.00		0.00		14.38		18.18		26
08:52:06		0.00		0.00		14.42		18.19		26
08:52:07		0.00		0.00		14.42		18.19		25
08:52:09		0.00		0.00		14.42		18.19		25
08:52:10		0.00		0.00		14.42		18.21		25
08:52:12		0.00		0.00		14.42		18.21		25
08:52:13		0.00		0.00		14.36		18.30		20
08:52:15		0.00		0.00		14.36		18.30		20
08:52:16		0.00		0.00		14.42		18.40		20
08:52:18		0.00		0.00		14.42		18.40		20
08:52:19		0.00		0.00		14.50		18.38		20
08:52:21		0.00		0.00		14.50		18.38		22
08:52:22		0.00		0.00		14.50		18.38		22
08:52:24		0.00		0.00		14.58		18.23		20
08:52:25		0.00		0.00		14.58		18.23		20
08:52:27		0.00		0.00		14.50		18.24		20
08:52:28		0.00		0.00		14.50		18.24		23
08:52:30		0.00		0.00		14.52		18.26		23
08:52:31		0.00		0.00		14.52		18.26		33
08:52:32		0.00		0.00		14.52		18.26		33
08:52:34		0.00		0.00		14.56		18.36		31
08:52:35		0.00		0.00		14.56		18.36		31
08:52:37		0.00		0.00		14.54		18.23		33
08:52:38		0.00		0.00		14.54		18.23		33
08:52:40		0.00		0.00		14.50		18.22		33
08:52:41		0.00		0.00		14.50		18.22		35
08:52:43		0.00		0.00		14.50		18.19		35
08:52:44		0.00		0.00		14.60		18.19		36
08:52:46		0.00		0.00		14.60		18.19		36
08:52:47		0.00		0.00		14.54		18.18		35
08:52:49		0.00		0.00		14.54		18.18		35
08:52:50		0.00		0.00		14.50		18.19		35
08:52:52		0.00		0.00		14.50		18.19		34
08:52:53		0.00		0.00		14.52		18.25		34
08:52:55		0.00		0.00		14.52		18.25		32
08:52:56		0.00		0.00		14.52		18.25		32
08:52:57		0.00		0.00		14.56		18.23		30
08:52:59		0.00		0.00		14.56		18.23		30
08:53:00		0.00		0.00		14.58		18.21		30
08:53:02		0.00		0.00		14.58		18.21		19
08:53:03		0.00		0.00		14.54		18.31		19
08:53:05		0.00		0.00		14.54		18.31		19
08:53:06		0.00		0.00		14.54		18.31		19
08:53:08		0.00		0.00		14.64		18.27		15
08:53:09		0.00		0.00		14.64		18.27		15
08:53:11		0.00		0.00		14.68		18.27		12
08:53:12		0.00		0.00		14.68		18.27		12
08:53:14		0.00		0.00		14.70		18.28		12
08:53:15		0.00		0.00		14.70		18.28		12
08:53:17		0.00		0.00		14.70		18.24		12
08:53:18		0.00		0.00		14.80		18.24		12
08:53:20		0.00		0.00		14.80		18.24		12
08:53:21		0.00		0.00		14.80		18.23		16
08:53:22		0.00		0.00		14.80		18.23		16
08:53:24		0.00		0.00		14.85		18.20		16
08:53:25		0.00		0.00		14.85		18.20		17
08:53:27		0.00		0.00		14.78		18.19		17
08:53:28		0.00		0.00		14.78		18.19		13
08:53:30		0.00		0.00		14.78		18.19		13
08:53:31		0.00		0.00		14.76		18.19		13
08:53:33		0.00		0.00		14.76		18.19		13
08:53:34		0.00		0.00		14.76		18.19		13
08:53:36		0.00		0.00		14.76		18.19		18
08:53:37		0.00		0.00		14.74		18.18		18
08:53:39		0.00		0.00		14.74		18.18		18
08:53:40		0.00		0.00		14.74		18.18		18
08:53:42		0.00		0.00		14.74		18.18		22
08:53:43		0.00		0.00		14.74		18.18		22
08:53:45		0.00		0.00		14.80		18.18		22
08:53:46		0.00		0.00		14.80		18.18		22
08:53:47		0.00		0.00		14.82		18.18		22
08:53:49		0.00		0.00		14.82		18.18		22
08:53:50		0.00		0.00		14.78		18.19		22
08:53:52		0.00		0.00		14.78		18.19		20
08:53:53		0.00		0.00		14.78		18.19		20
08:53:55		0.00		0.00		14.80		18.18		21
08:53:56		0.00		0.00		14.80		18.18		21
08:53:58		0.00		0.00		14.76		18.18		21
08:53:59		0.00		0.00		14.76		18.18		23
08:54:01		0.00		0.00		14.82		18.18		23
08:54:02		0.00		0.00		14.82		18.18		23
08:54:04		0.00		0.00		14.82		18.18		23
08:54:05		0.00		0.00		14.84		18.18		20
08:54:07		0.00		0.00		14.84		18.18		20
08:54:08		0.00		0.00		14.74		18.18		19
08:54:10		0.00		0.00		14.74		18.18		19
08:54:11		0.00		0.00		14.78		18.19		19
08:54:12		0.00		0.00		14.78		18.19		17
08:54:14		0.00		0.00		14.78		18.19		17
08:54:15		0.00		0.00		14.70		18.19		21
08:54:17		0.00		0.00		14.70		18.19		21
08:54:18		0.00		0.00		14.72		18.67		21
08:54:20		0.00		0.00		14.72		18.67		21
08:54:21		0.00		0.00		14.76		18.30		21
08:54:23		0.00		0.00		14.76		18.30		19
08:54:24		0.00		0.00		14.74		18.22		19
08:54:26		0.00		0.00		14.74		18.22		16
08:54:27		0.00		0.00		14.74		18.22		16
08:54:29		0.00		0.00		14.84		18.20		13
08:54:30		0.00		0.00		14.84		18.20		13
08:54:33		0.00		0.00		14.80		18.20		13
08:54:34		0.00		0.00		14.80		18.20		16
08:54:36		0.00		0.00		14.80		18.20		16
08:54:37		0.00		0.00		14.80		18.20		16
08:54:39		0.00		0.00		14.80		18.20		16
08:54:40		0.00		0.00		14.82		18.20		16
08:54:41		0.00		0.00		14.82		18.20		16
08:54:43		0.00		0.00		14.78		18.19		25
08:54:44		0.00		0.00		14.78		18.19		25
08:54:46		0.00		0.00		14.84		18.19		25
08:54:47		0.00		0.00		14.84		18.19		26
08:54:49		0.00		0.00		14.84		18.19		26
08:54:50		0.00		0.00		14.80		18.19		26
08:54:52		0.00		0.00		14.80		18.19		26
08:54:53		0.00		0.00		14.78		18.18		27
08:54:55		0.00		0.00		14.78		18.18		27
08:54:56		0.00		0.00		14.82		18.18		27
08:54:58		0.00		0.00		14.82		18.18		28
08:54:59		0.00		0.00		14.82		18.18		28
08:55:01		0.00		0.00		14.82		18.18		29
08:55:02		0.00		0.00		14.82		18.18		29
08:55:04		0.00		0.00		14.84		18.18		34
08:55:05		0.00		0.00		14.84		18.18		34
08:55:06		0.00		0.00		14.82		18.18		34
08:55:08		0.00		0.00		14.82		18.18		34
08:55:09		0.00		0.00		14.78		18.18		34
08:55:11		0.00		0.00		14.78		18.18		35
08:55:12		0.00		0.00		14.78		18.18		35
08:55:14		0.00		0.00		14.80		18.19		23
08:55:15		0.00		0.00		14.80		18.19		23
08:55:17		0.00		0.00		14.82		18.18		23
08:55:18		0.00		0.00		14.82		18.18		23
08:55:20		0.00		0.00		14.80		18.18		23
08:55:21		0.00		0.00		14.80		18.18		27
08:55:23		0.00		0.00		14.80		18.19		27
08:55:24		0.00		0.00		14.80		18.19		24
08:55:26		0.00		0.00		14.80		18.19		24
08:55:27		0.00		0.00		14.76		18.20		24
08:55:29		0.00		0.00		14.76		18.20		24
08:55:30		0.00		0.00		14.74		18.24		24
08:55:31		0.00		0.00		14.74		18.24		28
08:55:33		0.00		0.00		14.72		18.21		28
08:55:34		0.00		0.00		14.72		18.21		19
08:55:36		0.00		0.00		14.72		18.21		19
08:55:37		0.00		0.00		14.76		18.19		20
08:55:39		0.00		0.00		14.76		18.19		20
08:55:40		0.00		0.00		14.70		18.25		26
08:55:42		0.00		0.00		14.70		18.25		26
08:55:43		0.00		0.00		14.72		18.26		26
08:55:45		0.00		0.00		14.72		18.26		28
08:55:46		0.00		0.00		14.72		18.26		28
08:55:48		0.00		0.00		14.82		18.26		28
08:55:49		0.00		0.00		14.82		18.26		28
08:55:51		0.00		0.00		14.82		18.33		30
08:55:52		0.00		0.00		14.82		18.33		30
08:55:54		0.00		0.00		14.72		18.28		30
08:55:55		0.00		0.00		14.72		18.28		35
08:55:57		0.00		0.00		14.80		18.27		35
08:55:58		0.00		0.00		14.80		18.27		46
08:55:59		0.00		0.00		14.80		18.27		46
08:56:01		0.00		0.00		14.82		18.22		49
08:56:02		0.00		0.00		14.82		18.22		49
08:56:04		0.00		0.00		14.89		18.20		49
08:56:05		0.00		0.00		14.89		18.20		50
08:56:07		0.00		0.00		14.89		18.19		50
08:56:08		0.00		0.00		14.89		18.19		62
08:56:10		0.00		0.00		14.89		18.19		62
08:56:11		0.00		0.00		14.87		18.19		60
08:56:13		0.00		0.00		14.87		18.19		60
08:56:14		0.00		0.00		14.89		18.22		61
08:56:16		0.00		0.00		14.89		18.22		61
08:56:17		0.00		0.00		14.87		18.23		61
08:56:19		0.00		0.00		14.87		18.23		62
08:56:20		0.00		0.00		14.87		18.21		62
08:56:22		0.00		0.00		14.95		18.21		57
08:56:23		0.00		0.00		14.95		18.21		57
08:56:24		0.00		0.00		15.01		18.21		51
08:56:26		0.00		0.00		15.01		18.21		51
08:56:27		0.00		0.00		15.03		18.19		51
08:56:29		0.00		0.00		15.03		18.19		41
08:56:30		0.00		0.00		14.99		18.19		41
08:56:32		0.00		0.00		14.99		18.19		33
08:56:33		0.00		0.00		14.99		18.19		33
08:56:35		0.00		0.00		15.03		18.18		32
08:56:36		0.00		0.00		15.03		18.18		32
08:56:38		0.00		0.00		14.99		18.18		32
08:56:39		0.00		0.00		14.99		18.18		16
08:56:41		0.00		0.00		15.01		18.18		16
08:56:42		0.00		0.00		15.01		18.18		32
08:56:44		0.00		0.00		15.01		18.18		32
08:56:45		0.00		0.00		15.03		18.19		32
08:56:47		0.00		0.00		15.03		18.19		32
08:56:48		0.00		0.00		15.03		18.18		31
08:56:49		0.00		0.00		15.03		18.18		31
08:56:51		0.00		0.00		15.03		18.20		31
08:56:52		0.00		0.00		15.03		18.20		33
08:56:54		0.00		0.00		15.03		18.18		33
08:56:55		0.00		0.00		15.01		18.18		32
08:56:57		0.00		0.00		15.01		18.18		32
08:56:58		0.00		0.00		14.91		18.20		32
08:57:00		0.00		0.00		14.91		18.20		32
08:57:01		0.00		0.00		14.93		18.18		32
08:57:03		0.00		0.00		14.93		18.18		34
08:57:04		0.00		0.00		14.95		18.18		34
08:57:06		0.00		0.00		14.95		18.18		38
08:57:07		0.00		0.00		14.95		18.18		38
08:57:09		0.00		0.00		15.03		18.18		38
08:57:10		0.00		0.00		15.03		18.18		38
08:57:12		0.00		0.00		14.99		18.18		24
08:57:13		0.00		0.00		14.99		18.18		24
08:57:14		0.00		0.00		15.01		18.18		24
08:57:16		0.00		0.00		15.01		18.18		20
08:57:17		0.00		0.00		15.01		18.18		20
08:57:19		0.00		0.00		14.93		18.23		15
08:57:20		0.00		0.00		14.93		18.23		15
08:57:22		0.00		0.00		14.97		18.25		14
08:57:23		0.00		0.00		14.97		18.25		14
08:57:25		0.00		0.00		15.03		18.26		14
08:57:26		0.00		0.00		15.03		18.26		15
08:57:28		0.00		0.00		15.05		18.26		15
08:57:29		0.00		0.00		15.05		18.26		17
08:57:31		0.00		0.00		15.05		18.26		17
08:57:32		0.00		0.00		15.09		18.22		16
08:57:34		0.00		0.00		15.09		18.22		16
08:57:35		0.00		0.00		15.07		18.20		16
08:57:37		0.00		0.00		15.07		18.20		20
08:57:38		0.00		0.00		15.07		18.18		20
08:57:39		0.00		0.00		15.07		18.18		35
08:57:41		0.00		0.00		15.07		18.18		35
08:57:42		0.00		0.00		15.09		18.18		34
08:57:44		0.00		0.00		15.09		18.18		34
08:57:45		0.00		0.00		15.05		18.18		34
08:57:47		0.00		0.00		15.05		18.18		34
08:57:48		0.00		0.00		15.09		18.18		34
08:57:50		0.00		0.00		15.09		18.18		38
08:57:51		0.00		0.00		15.09		18.18		38
08:57:53		0.00		0.00		15.09		18.18		36
08:57:54		0.00		0.00		15.09		18.18		36
08:57:56		0.00		0.00		15.11		18.24		37
08:57:57		0.00		0.00		15.11		18.24		37
08:57:59		0.00		0.00		15.17		18.28		37
08:58:00		0.00		0.00		15.17		18.28		35
08:58:02		0.00		0.00		15.29		18.21		35
08:58:03		0.00		0.00		15.29		18.21		32
08:58:04		0.00		0.00		15.29		18.21		32
08:58:06		0.00		0.00		15.31		18.19		32
08:58:07		0.00		0.00		15.31		18.19		32
08:58:09		0.00		0.00		15.19		18.19		32
08:58:10		0.00		0.00		15.19		18.19		16
08:58:12		0.00		0.00		15.19		18.19		16
08:58:13		0.00		0.00		15.19		18.19		15
08:58:15		0.00		0.00		15.19		18.19		15
08:58:16		0.00		0.00		15.13		18.18		16
08:58:18		0.00		0.00		15.13		18.18		16
08:58:19		0.00		0.00		15.19		18.18		17
08:58:21		0.00		0.00		15.19		18.18		17
08:58:22		0.00		0.00		15.15		18.18		17
08:58:24		0.00		0.00		15.15		18.18		17
08:58:25		0.00		0.00		15.15		18.18		17
08:58:27		0.00		0.00		15.17		18.18		17
08:58:28		0.00		0.00		15.17		18.18		17
08:58:30		0.00		0.00		15.13		18.18		17
08:58:31		0.00		0.00		15.13		18.18		17
08:58:32		0.00		0.00		15.17		18.18		17
08:58:34		0.00		0.00		15.17		18.18		16
08:58:35		0.00		0.00		15.15		18.18		16
08:58:37		0.00		0.00		15.15		18.18		11
08:58:38		0.00		0.00		15.15		18.18		11
08:58:40		0.00		0.00		15.13		18.17		11
08:58:41		0.00		0.00		15.13		18.17		11
08:58:43		0.00		0.00		15.15		18.18		10
08:58:44		0.00		0.00		15.15		18.18		10
08:58:46		0.00		0.00		15.13		18.19		10
08:58:47		0.00		0.00		15.13		18.19		8
08:58:49		0.00		0.00		15.13		18.19		8
08:58:50		0.00		0.00		15.15		18.23		7
08:58:52		0.00		0.00		15.15		18.23		7
08:58:53		0.00		0.00		15.25		18.23		8
08:58:55		0.00		0.00		15.25		18.23		8
08:58:56		0.00		0.00		15.25		18.20		8
08:58:57		0.00		0.00		15.25		18.20		7
08:58:59		0.00		0.00		15.29		18.24		7
08:59:00		0.00		0.00		15.29		18.24		6
08:59:02		0.00		0.00		15.29		18.24		6
08:59:03		0.00		0.00		15.35		18.23		7
08:59:05		0.00		0.00		15.35		18.23		7
08:59:06		0.00		0.00		15.33		18.27		7
08:59:08		0.00		0.00		15.33		18.27		12
08:59:09		0.00		0.00		15.35		18.20		12
08:59:11		0.00		0.00		15.35		18.20		14
08:59:12		0.00		0.00		15.35		18.20		14
08:59:14		0.00		0.00		15.29		18.19		15
08:59:15		0.00		0.00		15.29		18.19		15
08:59:17		0.00		0.00		15.29		18.19		14
08:59:18		0.00		0.00		15.29		18.19		14
08:59:20		0.00		0.00		15.35		18.19		14
08:59:21		0.00		0.00		15.35		18.19		16
08:59:22		0.00		0.00		15.35		18.19		16
08:59:24		0.00		0.00		15.29		18.19		20
08:59:25		0.00		0.00		15.29		18.19		20
08:59:27		0.00		0.00		15.31		18.19		20
08:59:28		0.00		0.00		15.31		18.19		20
08:59:30		0.00		0.00		15.27		18.19		20
08:59:31		0.00		0.00		15.27		18.19		20
08:59:33		0.00		0.00		15.31		18.29		20
08:59:34		0.00		0.00		15.31		18.29		22
08:59:36		0.00		0.00		15.31		18.29		22
08:59:37		0.00		0.00		15.37		18.21		26
08:59:39		0.00		0.00		15.37		18.21		26
08:59:40		0.00		0.00		15.35		18.22		26
08:59:42		0.00		0.00		15.35		18.22		24
08:59:43		0.00		0.00		15.33		18.19		24
08:59:45		0.00		0.00		15.33		18.19		24
08:59:46		0.00		0.00		15.33		18.19		24
08:59:47		0.00		0.00		15.39		18.19		23
08:59:49		0.00		0.00		15.39		18.19		23
08:59:50		0.00		0.00		15.39		18.18		20
08:59:52		0.00		0.00		15.39		18.18		20
08:59:53		0.00		0.00		15.35		18.17		20
08:59:55		0.00		0.00		15.35		18.17		14
08:59:56		0.00		0.00		15.35		18.18		14
08:59:58		0.00		0.00		15.39		18.18		14
08:59:59		0.00		0.00		15.39		18.18		14
09:00:01		0.00		0.00		15.39		18.33		18
09:00:02		0.00		0.00		15.39		18.33		18
09:00:04		0.00		0.00		15.46		18.25		18
09:00:05		0.00		0.00		15.46		18.25		11
09:00:07		0.00		0.00		15.40		18.19		11
09:00:08		0.00		0.00		15.40		18.19		7
09:00:10		0.00		0.00		15.40		18.19		7
09:00:11		0.00		0.00		15.37		18.18		6
09:00:13		0.00		0.00		15.37		18.18		6
09:00:15		0.00		0.00		15.37		18.19		6
09:00:16		0.00		0.00		15.37		18.19		5
09:00:18		0.00		0.00		15.35		18.19		5
09:00:19		0.00		0.00		15.35		18.19		5
09:00:21		0.00		0.00		15.35		18.19		5
09:00:22		0.00		0.00		15.33		18.20		5
09:00:24		0.00		0.00		15.33		18.20		5
09:00:25		0.00		0.00		15.40		18.18		6
09:00:27		0.00		0.00		15.40		18.18		6
09:00:28		0.00		0.00		15.35		18.17		6
09:00:30		0.00		0.00		15.35		18.17		6
09:00:31		0.00		0.00		15.35		18.18		6
09:00:33		0.00		0.00		15.35		18.18		3
09:00:34		0.00		0.00		15.35		18.18		3
09:00:36		0.00		0.00		15.33		18.19		3
09:00:37		0.00		0.00		15.33		18.19		3
09:00:39		0.00		0.00		15.35		18.18		3
09:00:40		0.00		0.00		15.35		18.18		4
09:00:41		0.00		0.00		15.35		18.18		4
09:00:43		0.00		0.00		15.35		18.18		4
09:00:44		0.00		0.00		15.35		18.18		4
09:00:46		0.00		0.00		15.31		18.18		5
09:00:47		0.00		0.00		15.31		18.18		5
09:00:49		0.00		0.00		15.27		18.20		5
09:00:50		0.00		0.00		15.27		18.20		5
09:00:52		0.00		0.00		15.31		18.19		5
09:00:53		0.00		0.00		15.31		18.19		9
09:00:55		0.00		0.00		15.31		18.19		9
09:00:56		0.00		0.00		15.25		18.19		8
09:00:58		0.00		0.00		15.25		18.19		8
09:00:59		0.00		0.00		15.25		18.19		11
09:01:01		0.00		0.00		15.25		18.19		11
09:01:02		0.00		0.00		15.27		18.20		11
09:01:04		0.00		0.00		15.27		18.20		11
09:01:05		0.00		0.00		15.29		18.22		11
09:01:06		0.00		0.00		15.29		18.22		15
09:01:08		0.00		0.00		15.29		18.22		15
09:01:09		0.00		0.00		15.27		18.21		15
09:01:11		0.00		0.00		15.27		18.21		15
09:01:12		0.00		0.00		15.31		18.20		15
09:01:14		0.00		0.00		15.31		18.20		16
09:01:15		0.00		0.00		15.35		18.21		16
09:01:17		0.00		0.00		15.35		18.21		20
09:01:18		0.00		0.00		15.35		18.21		20
09:01:20		0.00		0.00		15.31		18.19		23
09:01:21		0.00		0.00		15.31		18.19		23
09:01:23		0.00		0.00		15.31		18.19		21
09:01:24		0.00		0.00		15.31		18.19		21
09:01:26		0.00		0.00		15.33		18.20		21
09:01:27		0.00		0.00		15.33		18.20		21
09:01:29		0.00		0.00		15.33		18.21		21
09:01:30		0.00		0.00		15.27		18.21		21
09:01:31		0.00		0.00		15.27		18.21		21
09:01:33		0.00		0.00		15.29		18.21		18
09:01:34		0.00		0.00		15.29		18.21		18
09:01:36		0.00		0.00		15.33		18.18		18
09:01:37		0.00		0.00		15.33		18.18		17
09:01:39		0.00		0.00		15.33		18.18		17
09:01:40		0.00		0.00		15.33		18.18		19
09:01:42		0.00		0.00		15.33		18.18		19
09:01:43		0.00		0.00		15.33		18.19		17
09:01:45		0.00		0.00		15.33		18.19		17
09:01:46		0.00		0.00		15.27		18.19		17
09:01:48		0.00		0.00		15.27		18.19		13
09:01:49		0.00		0.00		15.35		18.21		13
09:01:51		0.00		0.00		15.35		18.21		12
09:01:52		0.00		0.00		15.35		18.21		12
09:01:54		0.00		0.00		15.37		18.20		17
09:01:55		0.00		0.00		15.37		18.20		17
09:01:56		0.00		0.00		15.39		18.21		15
09:01:58		0.00		0.00		15.39		18.21		15
09:01:59		0.00		0.00		15.40		18.20		15
09:02:01		0.00		0.00		15.40		18.20		13
09:02:02		0.00		0.00		15.40		18.19		13
09:02:04		0.00		0.00		15.48		18.19		13
09:02:05		0.00		0.00		15.48		18.19		13
09:02:07		0.00		0.00		15.50		18.17		13
09:02:08		0.00		0.00		15.50		18.17		13
09:02:10		0.00		0.00		15.46		18.18		13
09:02:11		0.00		0.00		15.46		18.18		13
09:02:13		0.00		0.00		15.48		18.18		13
09:02:14		0.00		0.00		15.48		18.18		13
09:02:16		0.00		0.00		15.48		18.18		13
09:02:17		0.00		0.00		15.46		18.17		11
09:02:19		0.00		0.00		15.46		18.17		11
09:02:20		0.00		0.00		15.39		18.25		10
09:02:21		0.00		0.00		15.39		18.25		10
09:02:23		0.00		0.00		15.42		18.30		10
09:02:24		0.00		0.00		15.42		18.30		7
09:02:26		0.00		0.00		15.42		18.30		7
09:02:27		0.00		0.00		15.48		18.19		7
09:02:29		0.00		0.00		15.48		18.19		7
09:02:30		0.00		0.00		15.44		18.18		7
09:02:32		0.00		0.00		15.44		18.18		7
09:02:33		0.00		0.00		15.56		18.17		7
09:02:35		0.00		0.00		15.56		18.17		8
09:02:36		0.00		0.00		15.42		18.17		8
09:02:38		0.00		0.00		15.42		18.17		7
09:02:39		0.00		0.00		15.42		18.17		7
09:02:41		0.00		0.00		15.52		18.17		6
09:02:42		0.00		0.00		15.52		18.17		6
09:02:44		0.00		0.00		15.48		18.17		6
09:02:45		0.00		0.00		15.48		18.17		6
09:02:46		0.00		0.00		15.48		18.17		6
09:02:48		0.00		0.00		15.48		18.17		6
09:02:49		0.00		0.00		15.48		18.17		6
09:02:51		0.00		0.00		15.42		18.17		9
09:02:52		0.00		0.00		15.42		18.17		9
09:02:54		0.00		0.00		15.44		18.17		9
09:02:55		0.00		0.00		15.44		18.17		9
09:02:57		0.00		0.00		15.46		18.17		9
09:02:58		0.00		0.00		15.46		18.17		9
09:03:00		0.00		0.00		15.46		18.17		9
09:03:01		0.00		0.00		15.52		18.17		10
09:03:03		0.00		0.00		15.52		18.17		10
09:03:04		0.00		0.00		15.50		18.17		9
09:03:06		0.00		0.00		15.50		18.17		9
09:03:07		0.00		0.00		15.44		18.17		9
09:03:09		0.00		0.00		15.44		18.17		10
09:03:10		0.00		0.00		15.44		18.19		10
09:03:11		0.00		0.00		15.44		18.19		18
09:03:13		0.00		0.00		15.44		18.19		18
09:03:14		0.00		0.00		15.42		18.22		21
09:03:16		0.00		0.00		15.42		18.22		21
09:03:17		0.00		0.00		15.46		18.21		21
09:03:19		0.00		0.00		15.46		18.21		20
09:03:20		0.00		0.00		15.58		18.19		20
09:03:22		0.00		0.00		15.58		18.19		16
09:03:23		0.00		0.00		15.58		18.19		16
09:03:25		0.00		0.00		15.58		18.19		15
09:03:26		0.00		0.00		15.58		18.19		15
09:03:28		0.00		0.00		15.58		18.18		15
09:03:29		0.00		0.00		15.58		18.18		15
09:03:31		0.00		0.00		15.52		18.19		15
09:03:32		0.00		0.00		15.52		18.19		13
09:03:34		0.00		0.00		15.52		18.20		13
09:03:35		0.00		0.00		15.52		18.20		21
09:03:37		0.00		0.00		15.52		18.20		21
09:03:38		0.00		0.00		15.58		18.18		27
09:03:39		0.00		0.00		15.58		18.18		27
09:03:41		0.00		0.00		15.58		18.18		27
09:03:42		0.00		0.00		15.58		18.18		25
09:03:44		0.00		0.00		15.58		18.18		25
09:03:45		0.00		0.00		15.58		18.18		25
09:03:47		0.00		0.00		15.58		18.18		25
09:03:48		0.00		0.00		15.70		18.17		25
09:03:50		0.00		0.00		15.70		18.17		25
09:03:51		0.00		0.00		15.62		18.18		25
09:03:53		0.00		0.00		15.62		18.18		25
09:03:54		0.00		0.00		15.62		18.18		25
09:03:56		0.00		0.00		15.62		18.18		25
09:03:57		0.00		0.00		15.62		18.18		25
09:03:59		0.00		0.00		15.62		18.18		28
09:04:00		0.00		0.00		15.62		18.18		28
09:04:02		0.00		0.00		15.64		18.18		30
09:04:03		0.00		0.00		15.64		18.18		30
09:04:04		0.00		0.00		15.64		18.18		30
09:04:06		0.00		0.00		15.64		18.18		24
09:04:07		0.00		0.00		15.64		18.18		24
09:04:09		0.00		0.00		15.64		18.18		18
09:04:10		0.00		0.00		15.64		18.18		18
09:04:12		0.00		0.00		15.62		18.17		11
09:04:13		0.00		0.00		15.62		18.17		11
09:04:15		0.00		0.00		15.60		18.17		11
09:04:16		0.00		0.00		15.60		18.17		11
09:04:18		0.00		0.00		15.64		18.17		11
09:04:19		0.00		0.00		15.64		18.17		11
09:04:21		0.00		0.00		15.64		18.17		11
09:04:22		0.00		0.00		15.64		18.18		16
09:04:24		0.00		0.00		15.64		18.18		16
09:04:25		0.00		0.00		15.62		18.25		18
09:04:27		0.00		0.00		15.62		18.25		18
09:04:28		0.00		0.00		15.64		18.20		18
09:04:29		0.00		0.00		15.64		18.20		24
09:04:31		0.00		0.00		15.64		18.20		24
09:04:32		0.00		0.00		15.60		18.18		24
09:04:34		0.00		0.00		15.60		18.18		24
09:04:35		0.00		0.00		15.54		18.20		22
09:04:37		0.00		0.00		15.54		18.20		22
09:04:38		0.00		0.00		15.58		18.19		22
09:04:40		0.00		0.00		15.58		18.19		27
09:04:41		0.00		0.00		15.58		18.19		27
09:04:43		0.00		0.00		15.58		18.19		40
09:04:44		0.00		0.00		15.58		18.19		40
09:04:46		0.00		0.00		15.64		18.20		53
09:04:47		0.00		0.00		15.64		18.20		53
09:04:49		0.00		0.00		15.68		18.21		53
09:04:50		0.00		0.00		15.68		18.21		56
09:04:52		0.00		0.00		15.68		18.21		56
09:04:53		0.00		0.00		15.68		18.21		51
09:04:54		0.00		0.00		15.68		18.21		51
09:04:56		0.00		0.00		15.68		18.18		50
09:04:57		0.00		0.00		15.68		18.18		50
09:04:59		0.00		0.00		15.64		18.18		39
09:05:00		0.00		0.00		15.64		18.18		39
09:05:02		0.00		0.00		15.70		18.19		39
09:05:03		0.00		0.00		15.70		18.19		40
09:05:05		0.00		0.00		15.70		18.18		40
09:05:06		0.00		0.00		15.64		18.18		39
09:05:08		0.00		0.00		15.64		18.18		39
09:05:09		0.00		0.00		15.72		18.18		35
09:05:11		0.00		0.00		15.72		18.18		35
09:05:12		0.00		0.00		15.74		18.18		35
09:05:14		0.00		0.00		15.74		18.18		20
09:05:15		0.00		0.00		15.78		18.18		20
09:05:17		0.00		0.00		15.78		18.18		7
09:05:18		0.00		0.00		15.78		18.18		7
09:05:19		0.00		0.00		15.74		18.18		4
09:05:21		0.00		0.00		15.74		18.18		4
09:05:22		0.00		0.00		15.72		18.18		4
09:05:24		0.00		0.00		15.72		18.18		5
09:05:25		0.00		0.00		15.76		18.18		5
09:05:27		0.00		0.00		15.76		18.18		5
09:05:28		0.00		0.00		15.76		18.18		5
09:05:30		0.00		0.00		15.76		18.18		9
09:05:31		0.00		0.00		15.76		18.18		9
09:05:33		0.00		0.00		15.76		18.18		8
09:05:34		0.00		0.00		15.76		18.18		8
09:05:36		0.00		0.00		15.74		18.18		8
09:05:37		0.00		0.00		15.74		18.18		14
09:05:39		0.00		0.00		15.74		18.17		14
09:05:40		0.00		0.00		15.76		18.17		14
09:05:42		0.00		0.00		15.76		18.17		14
09:05:43		0.00		0.00		15.74		18.17		13
09:05:44		0.00		0.00		15.74		18.17		13
09:05:46		0.00		0.00		15.74		18.17		13
09:05:47		0.00		0.00		15.74		18.17		16
09:05:49		0.00		0.00		15.70		18.17		16
09:05:50		0.00		0.00		15.70		18.17		16
09:05:52		0.00		0.00		15.70		18.17		16
09:05:54		0.00		0.00		15.76		18.16		18
09:05:56		0.00		0.00		15.76		18.16		18
09:05:57		0.00		0.00		15.74		18.17		18
09:05:59		0.00		0.00		15.74		18.17		15
09:06:00		0.00		0.00		15.60		18.17		15
09:06:02		0.00		0.00		15.60		18.17		14
09:06:03		0.00		0.00		15.60		18.17		14
09:06:05		0.00		0.00		15.70		18.17		19
09:06:06		0.00		0.00		15.70		18.17		19
09:06:08		0.00		0.00		15.72		18.17		14
09:06:09		0.00		0.00		15.72		18.17		14
09:06:10		0.00		0.00		15.74		18.18		14
09:06:12		0.00		0.00		15.74		18.18		14
09:06:13		0.00		0.00		15.74		18.19		14
09:06:15		0.00		0.00		15.74		18.19		24
09:06:16		0.00		0.00		15.74		18.19		24
09:06:18		0.00		0.00		15.74		18.20		25
09:06:19		0.00		0.00		15.74		18.20		25
09:06:21		0.00		0.00		15.68		18.22		25
09:06:22		0.00		0.00		15.68		18.22		28
09:06:24		0.00		0.00		15.72		18.20		28
09:06:25		0.00		0.00		15.72		18.20		46
09:06:27		0.00		0.00		15.72		18.20		46
09:06:28		0.00		0.00		15.68		18.19		46
09:06:30		0.00		0.00		15.68		18.19		46
09:06:31		0.00		0.00		15.76		18.18		46
09:06:33		0.00		0.00		15.76		18.18		46
09:06:34		0.00		0.00		15.76		18.17		46
09:06:35		0.00		0.00		15.76		18.17		41
09:06:37		0.00		0.00		15.76		18.17		41
09:06:38		0.00		0.00		15.76		18.16		40
09:06:40		0.00		0.00		15.76		18.16		40
09:06:41		0.00		0.00		15.82		18.18		36
09:06:43		0.00		0.00		15.82		18.18		36
09:06:44		0.00		0.00		15.78		18.17		36
09:06:46		0.00		0.00		15.78		18.17		31
09:06:47		0.00		0.00		15.78		18.17		31
09:06:49		0.00		0.00		15.78		18.17		28
09:06:50		0.00		0.00		15.78		18.17		28
09:06:52		0.00		0.00		15.74		18.18		27
09:06:53		0.00		0.00		15.74		18.18		27
09:06:55		0.00		0.00		15.74		18.20		27
09:06:56		0.00		0.00		15.74		18.20		13
09:06:58		0.00		0.00		15.80		18.19		13
09:06:59		0.00		0.00		15.80		18.19		15
09:07:01		0.00		0.00		15.80		18.19		15
09:07:02		0.00		0.00		15.88		18.17		16
09:07:03		0.00		0.00		15.88		18.17		16
09:07:05		0.00		0.00		15.80		18.17		21
09:07:06		0.00		0.00		15.80		18.17		21
09:07:08		0.00		0.00		15.78		18.17		21
09:07:09		0.00		0.00		15.78		18.17		20
09:07:11		0.00		0.00		15.78		18.18		20
09:07:12		0.00		0.00		15.80		18.18		19
09:07:14		0.00		0.00		15.80		18.18		19
09:07:15		0.00		0.00		15.78		18.17		19
09:07:17		0.00		0.00		15.78		18.17		19
09:07:18		0.00		0.00		15.80		18.17		19
09:07:20		0.00		0.00		15.80		18.17		18
09:07:21		0.00		0.00		15.76		18.18		18
09:07:23		0.00		0.00		15.76		18.18		11
09:07:24		0.00		0.00		15.76		18.18		11
09:07:26		0.00		0.00		15.74		18.16		10
09:07:27		0.00		0.00		15.74		18.16		10
09:07:28		0.00		0.00		15.70		18.18		10
09:07:30		0.00		0.00		15.70		18.18		17
09:07:31		0.00		0.00		15.72		18.17		17
09:07:33		0.00		0.00		15.72		18.17		17
09:07:34		0.00		0.00		15.72		18.17		17
09:07:36		0.00		0.00		15.76		18.17		16
09:07:37		0.00		0.00		15.76		18.17		16
09:07:39		0.00		0.00		15.74		18.16		16
09:07:40		0.00		0.00		15.74		18.16		16
09:07:42		0.00		0.00		15.74		18.17		16
09:07:43		0.00		0.00		15.74		18.17		23
09:07:45		0.00		0.00		15.74		18.17		23
09:07:46		0.00		0.00		15.68		18.17		23
09:07:48		0.00		0.00		15.68		18.17		23
09:07:49		0.00		0.00		15.76		18.20		23
09:07:51		0.00		0.00		15.76		18.20		23
09:07:52		0.00		0.00		15.70		18.20		23
09:07:53		0.00		0.00		15.70		18.20		26
09:07:55		0.00		0.00		15.76		18.21		26
09:07:56		0.00		0.00		15.76		18.21		28
09:07:58		0.00		0.00		15.76		18.21		28
09:07:59		0.00		0.00		15.80		18.22		28
09:08:01		0.00		0.00		15.80		18.22		28
09:08:02		0.00		0.00		15.76		18.24		28
09:08:04		0.00		0.00		15.76		18.24		50
09:08:05		0.00		0.00		15.90		18.20		50
09:08:07		0.00		0.00		15.90		18.20		54
09:08:08		0.00		0.00		15.90		18.20		54
09:08:10		0.00		0.00		15.92		18.17		51
09:08:11		0.00		0.00		15.92		18.17		51
09:08:13		0.00		0.00		15.82		18.17		48
09:08:14		0.00		0.00		15.82		18.17		48
09:08:16		0.00		0.00		15.90		18.17		48
09:08:17		0.00		0.00		15.90		18.17		48
09:08:18		0.00		0.00		15.97		18.18		48
09:08:20		0.00		0.00		15.97		18.18		51
09:08:21		0.00		0.00		15.97		18.18		51
09:08:23		0.00		0.00		15.82		18.17		52
09:08:24		0.00		0.00		15.82		18.17		52
09:08:26		0.00		0.00		15.92		18.16		52
09:08:27		0.00		0.00		15.92		18.16		51
09:08:29		0.00		0.00		15.92		18.16		51
09:08:30		0.00		0.00		15.92		18.16		41
09:08:32		0.00		0.00		15.92		18.16		41
09:08:33		0.00		0.00		15.88		18.16		33
09:08:35		0.00		0.00		15.88		18.16		33
09:08:36		0.00		0.00		15.88		18.16		29
09:08:38		0.00		0.00		15.88		18.16		29
09:08:39		0.00		0.00		15.90		18.16		29
09:08:41		0.00		0.00		15.90		18.16		41
09:08:42		0.00		0.00		15.90		18.16		41
09:08:43		0.00		0.00		15.82		18.17		51
09:08:45		0.00		0.00		15.82		18.17		51
09:08:46		0.00		0.00		15.92		18.21		59
09:08:48		0.00		0.00		15.92		18.21		59
09:08:49		0.00		0.00		15.94		18.19		59
09:08:51		0.00		0.00		15.94		18.19		60
09:08:52		0.00		0.00		15.94		18.18		60
09:08:54		0.00		0.00		15.94		18.18		55
09:08:55		0.00		0.00		15.94		18.18		55
09:08:57		0.00		0.00		15.97		18.17		53
09:08:58		0.00		0.00		15.97		18.17		53
09:09:00		0.00		0.00		15.84		18.17		53
09:09:01		0.00		0.00		15.84		18.17		48
09:09:03		0.00		0.00		15.95		18.17		48
09:09:04		0.00		0.00		15.95		18.17		44
09:09:06		0.00		0.00		15.95		18.17		44
09:09:07		0.00		0.00		15.99		18.17		43
09:09:08		0.00		0.00		15.99		18.17		43
09:09:10		0.00		0.00		15.95		18.17		36
09:09:11		0.00		0.00		15.95		18.17		36
09:09:13		0.00		0.00		15.97		18.17		36
09:09:14		0.00		0.00		15.97		18.17		23
09:09:16		0.00		0.00		15.97		18.17		23
09:09:17		0.00		0.00		16.01		18.17		20
09:09:19		0.00		0.00		16.01		18.17		20
09:09:20		0.00		0.00		15.84		18.17		20
09:09:22		0.00		0.00		15.84		18.17		20
09:09:23		0.00		0.00		15.94		18.17		20
09:09:25		0.00		0.00		15.94		18.17		25
09:09:26		0.00		0.00		15.95		18.17		25
09:09:28		0.00		0.00		15.95		18.17		23
09:09:29		0.00		0.00		15.95		18.17		23
09:09:31		0.00		0.00		15.92		18.17		23
09:09:32		0.00		0.00		15.92		18.17		23
09:09:33		0.00		0.00		15.88		18.16		23
09:09:35		0.00		0.00		15.88		18.16		21
09:09:36		0.00		0.00		15.94		18.16		21
09:09:38		0.00		0.00		15.94		18.16		20
09:09:39		0.00		0.00		15.94		18.16		20
09:09:41		0.00		0.00		15.88		18.16		16
09:09:42		0.00		0.00		15.88		18.16		16
09:09:44		0.00		0.00		15.94		18.17		18
09:09:45		0.00		0.00		15.94		18.17		18
09:09:47		0.00		0.00		15.95		18.17		18
09:09:48		0.00		0.00		15.95		18.17		19
09:09:50		0.00		0.00		15.95		18.16		19
09:09:51		0.00		0.00		15.84		18.16		19
09:09:53		0.00		0.00		15.84		18.16		19
09:09:54		0.00		0.00		15.88		18.16		15
09:09:56		0.00		0.00		15.88		18.16		15
09:09:57		0.00		0.00		15.94		18.16		15
09:09:58		0.00		0.00		15.94		18.16		21
09:10:00		0.00		0.00		15.82		18.17		21
09:10:01		0.00		0.00		15.82		18.17		21
09:10:03		0.00		0.00		15.82		18.17		21
09:10:04		0.00		0.00		15.90		18.16		27
09:10:06		0.00		0.00		15.90		18.16		27
09:10:07		0.00		0.00		15.94		18.16		33
09:10:09		0.00		0.00		15.94		18.16		33
09:10:10		0.00		0.00		15.90		18.16		33
09:10:12		0.00		0.00		15.90		18.16		36
09:10:13		0.00		0.00		15.90		18.16		36
09:10:15		0.00		0.00		15.94		18.18		42
09:10:16		0.00		0.00		15.94		18.18		42
09:10:18		0.00		0.00		15.88		18.17		43
09:10:19		0.00		0.00		15.88		18.17		43
09:10:21		0.00		0.00		15.88		18.17		43
09:10:22		0.00		0.00		15.88		18.17		45
09:10:24		0.00		0.00		15.95		18.17		45
09:10:25		0.00		0.00		15.95		18.17		48
09:10:26		0.00		0.00		15.95		18.17		48
09:10:28		0.00		0.00		15.95		18.16		43
09:10:29		0.00		0.00		15.95		18.16		43
09:10:31		0.00		0.00		15.88		18.16		43
09:10:32		0.00		0.00		15.88		18.16		44
09:10:34		0.00		0.00		15.94		18.16		44
09:10:35		0.00		0.00		15.94		18.16		39
09:10:37		0.00		0.00		15.94		18.16		39
09:10:38		0.00		0.00		15.94		18.16		34
09:10:40		0.00		0.00		15.94		18.16		34
09:10:41		0.00		0.00		15.88		18.17		26
09:10:43		0.00		0.00		15.88		18.17		26
09:10:44		0.00		0.00		15.97		18.28		26
09:10:46		0.00		0.00		15.97		18.28		31
09:10:47		0.00		0.00		15.97		18.28		31
09:10:49		0.00		0.00		15.92		18.24		29
09:10:50		0.00		0.00		15.92		18.24		29
09:10:51		0.00		0.00		15.88		18.25		31
09:10:53		0.00		0.00		15.88		18.25		31
09:10:54		0.00		0.00		16.05		18.35		31
09:10:56		0.00		0.00		16.05		18.35		28
09:10:57		0.00		0.00		16.17		18.25		28
09:10:59		0.00		0.00		16.17		18.25		36
09:11:00		0.00		0.00		16.17		18.25		36
09:11:02		0.00		0.00		16.09		18.30		41
09:11:03		0.00		0.00		16.09		18.30		41
09:11:05		0.00		0.00		16.27		18.24		41
09:11:06		0.00		0.00		16.27		18.24		41
09:11:08		0.00		0.00		16.37		18.24		41
09:11:09		0.00		0.00		16.37		18.24		40
09:11:11		0.00		0.00		16.37		18.24		40
09:11:12		0.00		0.00		16.29		18.22		42
09:11:14		0.00		0.00		16.29		18.22		42
09:11:15		0.00		0.00		16.29		18.24		36
09:11:16		0.00		0.00		16.29		18.24		36
09:11:18		0.00		0.00		16.21		18.19		36
09:11:19		0.00		0.00		16.21		18.19		40
09:11:21		0.00		0.00		16.21		18.29		40
09:11:22		0.00		0.00		16.45		18.29		35
09:11:24		0.00		0.00		16.45		18.29		35
09:11:25		0.00		0.00		16.33		18.18		36
09:11:27		0.00		0.00		16.33		18.18		36
09:11:28		0.00		0.00		16.15		18.19		36
09:11:30		0.00		0.00		16.15		18.19		35
09:11:31		0.00		0.00		16.21		18.17		35
09:11:33		0.00		0.00		16.21		18.17		30
09:11:34		0.00		0.00		16.21		18.17		30
09:11:37		0.00		0.00		16.23		18.16		37
09:11:38		0.00		0.00		16.23		18.16		37
09:11:40		0.00		0.00		16.09		18.17		37
09:11:41		0.00		0.00		16.09		18.17		43
09:11:42		0.00		0.00		16.11		18.16		43
09:11:44		0.00		0.00		16.11		18.16		49
09:11:45		0.00		0.00		16.11		18.16		49
09:11:47		0.00		0.00		16.15		18.16		45
09:11:48		0.00		0.00		16.15		18.16		45
09:11:50		0.00		0.00		16.13		18.17		46
09:11:51		0.00		0.00		16.13		18.17		46
09:11:53		0.00		0.00		16.11		18.17		46
09:11:54		0.00		0.00		16.11		18.17		48
09:11:56		0.00		0.00		16.11		18.22		48
09:11:57		0.00		0.00		16.19		18.22		50
09:11:59		0.00		0.00		16.19		18.22		50
09:12:00		0.00		0.00		16.11		18.17		47
09:12:02		0.00		0.00		16.11		18.17		47
09:12:03		0.00		0.00		16.21		18.17		47
09:12:05		0.00		0.00		16.21		18.17		42
09:12:06		0.00		0.00		16.17		18.16		42
09:12:08		0.00		0.00		16.17		18.16		36
09:12:09		0.00		0.00		16.17		18.16		36
09:12:10		0.00		0.00		16.07		18.16		29
09:12:12		0.00		0.00		16.07		18.16		29
09:12:13		0.00		0.00		16.15		18.16		30
09:12:15		0.00		0.00		16.15		18.16		30
09:12:16		0.00		0.00		16.15		18.16		30
09:12:18		0.00		0.00		16.15		18.16		28
09:12:19		0.00		0.00		16.15		18.16		28
09:12:21		0.00		0.00		16.05		18.16		19
09:12:22		0.00		0.00		16.05		18.16		19
09:12:24		0.00		0.00		16.19		18.18		21
09:12:25		0.00		0.00		16.19		18.18		21
09:12:27		0.00		0.00		16.19		18.17		21
09:12:28		0.00		0.00		16.19		18.17		21
09:12:30		0.00		0.00		16.09		18.17		21
09:12:31		0.00		0.00		16.09		18.17		29
09:12:33		0.00		0.00		16.09		18.17		29
09:12:34		0.00		0.00		16.19		18.16		29
09:12:35		0.00		0.00		16.19		18.16		29
09:12:37		0.00		0.00		16.15		18.16		29
09:12:38		0.00		0.00		16.15		18.16		29
09:12:40		0.00		0.00		16.07		18.16		29
09:12:41		0.00		0.00		16.07		18.16		29
09:12:43		0.00		0.00		16.07		18.16		29
09:12:44		0.00		0.00		16.13		18.17		21
09:12:46		0.00		0.00		16.13		18.17		21
09:12:47		0.00		0.00		16.15		18.16		21
09:12:49		0.00		0.00		16.15		18.16		21
09:12:50		0.00		0.00		16.09		18.16		21
09:12:52		0.00		0.00		16.09		18.16		22
09:12:53		0.00		0.00		16.09		18.16		22
09:12:55		0.00		0.00		16.21		18.16		16
09:12:56		0.00		0.00		16.21		18.16		16
09:12:58		0.00		0.00		16.19		18.16		12
09:12:59		0.00		0.00		16.19		18.16		12
09:13:00		0.00		0.00		16.11		18.16		12
09:13:02		0.00		0.00		16.11		18.16		4
09:13:03		0.00		0.00		16.17		18.16		4
09:13:05		0.00		0.00		16.17		18.16		5
09:13:06		0.00		0.00		16.17		18.16		5
09:13:08		0.00		0.00		16.17		18.16		12
09:13:09		0.00		0.00		16.17		18.16		12
09:13:11		0.00		0.00		16.11		18.16		12
09:13:12		0.00		0.00		16.11		18.16		12
09:13:14		0.00		0.00		16.19		18.17		12
09:13:15		0.00		0.00		16.19		18.17		14
09:13:17		0.00		0.00		16.19		18.17		14
09:13:18		0.00		0.00		16.19		18.22		14
09:13:20		0.00		0.00		16.19		18.22		14
09:13:21		0.00		0.00		16.21		18.22		19
09:13:23		0.00		0.00		16.21		18.22		19
09:13:24		0.00		0.00		16.23		18.21		19
09:13:25		0.00		0.00		16.23		18.21		25
09:13:27		0.00		0.00		16.23		18.20		25
09:13:28		0.00		0.00		16.19		18.20		29
09:13:30		0.00		0.00		16.19		18.20		29
09:13:31		0.00		0.00		16.15		18.19		34
09:13:33		0.00		0.00		16.15		18.19		34
09:13:34		0.00		0.00		16.23		18.21		34
09:13:36		0.00		0.00		16.23		18.21		38
09:13:37		0.00		0.00		16.17		18.20		38
09:13:39		0.00		0.00		16.17		18.20		32
09:13:40		0.00		0.00		16.17		18.20		32
09:13:42		0.00		0.00		16.19		18.24		32
09:13:43		0.00		0.00		16.19		18.24		32
09:13:45		0.00		0.00		16.21		18.18		32
09:13:46		0.00		0.00		16.21		18.18		30
09:13:48		0.00		0.00		16.21		18.17		30
09:13:49		0.00		0.00		16.21		18.17		34
09:13:50		0.00		0.00		16.21		18.17		34
09:13:52		0.00		0.00		16.17		18.16		33
09:13:53		0.00		0.00		16.17		18.16		33
09:13:55		0.00		0.00		16.25		18.16		36
09:13:56		0.00		0.00		16.25		18.16		36
09:13:58		0.00		0.00		16.21		18.17		36
09:13:59		0.00		0.00		16.21		18.17		48
09:14:01		0.00		0.00		16.21		18.16		48
09:14:02		0.00		0.00		16.19		18.16		44
09:14:04		0.00		0.00		16.19		18.16		44
09:14:05		0.00		0.00		16.25		18.16		40
09:14:07		0.00		0.00		16.25		18.16		40
09:14:08		0.00		0.00		16.19		18.17		40
09:14:10		0.00		0.00		16.19		18.17		43
09:14:11		0.00		0.00		16.19		18.16		43
09:14:13		0.00		0.00		16.19		18.16		48
09:14:14		0.00		0.00		16.19		18.16		48
09:14:15		0.00		0.00		16.23		18.16		57
09:14:17		0.00		0.00		16.23		18.16		57
09:14:18		0.00		0.00		16.17		18.17		49
09:14:20		0.00		0.00		16.17		18.17		49
09:14:21		0.00		0.00		16.19		18.17		49
09:14:23		0.00		0.00		16.19		18.17		48
09:14:24		0.00		0.00		16.19		18.17		48
09:14:26		0.00		0.00		16.19		18.16		39
09:14:27		0.00		0.00		16.19		18.16		39
09:14:29		0.00		0.00		16.13		18.16		26
09:14:30		0.00		0.00		16.13		18.16		26
09:14:32		0.00		0.00		16.13		18.16		26
09:14:33		0.00		0.00		16.13		18.16		30
09:14:35		0.00		0.00		16.23		18.16		30
09:14:36		0.00		0.00		16.23		18.16		31
09:14:38		0.00		0.00		16.23		18.16		31
09:14:39		0.00		0.00		16.15		18.16		33
09:14:40		0.00		0.00		16.15		18.16		33
09:14:42		0.00		0.00		16.19		18.16		33
09:14:43		0.00		0.00		16.19		18.16		25
09:14:45		0.00		0.00		16.25		18.16		25
09:14:46		0.00		0.00		16.25		18.16		21
09:14:48		0.00		0.00		16.25		18.16		21
09:14:49		0.00		0.00		16.09		18.16		21
09:14:51		0.00		0.00		16.09		18.16		21
09:14:52		0.00		0.00		16.17		18.16		26
09:14:54		0.00		0.00		16.17		18.16		26
09:14:55		0.00		0.00		16.15		18.16		26
09:14:57		0.00		0.00		16.15		18.16		22
09:14:58		0.00		0.00		16.15		18.16		22
09:15:00		0.00		0.00		16.07		18.16		19
09:15:01		0.00		0.00		16.07		18.16		19
09:15:03		0.00		0.00		16.23		18.16		19
09:15:04		0.00		0.00		16.23		18.16		19
09:15:05		0.00		0.00		16.11		18.16		19
09:15:07		0.00		0.00		16.11		18.16		17
09:15:08		0.00		0.00		16.15		18.16		17
09:15:10		0.00		0.00		16.15		18.16		14
09:15:11		0.00		0.00		16.15		18.16		14
09:15:13		0.00		0.00		16.25		18.16		16
09:15:14		0.00		0.00		16.25		18.16		16
09:15:16		0.00		0.00		16.15		18.16		16
09:15:17		0.00		0.00		16.15		18.16		14
09:15:19		0.00		0.00		16.11		18.16		14
09:15:20		0.00		0.00		16.11		18.16		20
09:15:22		0.00		0.00		16.11		18.16		20
09:15:23		0.00		0.00		16.23		18.16		15
09:15:25		0.00		0.00		16.23		18.16		15
09:15:26		0.00		0.00		16.21		18.16		16
09:15:28		0.00		0.00		16.21		18.16		16
09:15:29		0.00		0.00		16.11		25.37		16
09:15:30		0.00		0.00		16.11		25.37		16
09:15:32		0.00		0.00		16.11		18.18		16
09:15:33		0.00		0.00		16.25		18.18		16
09:15:35		0.00		0.00		16.25		18.18		16
09:15:36		0.00		0.00		16.21		18.17		19
09:15:38		0.00		0.00		16.21		18.17		19
09:15:39		0.00		0.00		16.07		18.17		19
09:15:41		0.00		0.00		16.07		18.17		16
09:15:42		0.00		0.00		16.21		18.17		16
09:15:44		0.00		0.00		16.21		18.17		24
09:15:45		0.00		0.00		16.21		18.17		24
09:15:47		0.00		0.00		16.15		18.16		29
09:15:48		0.00		0.00		16.15		18.16		29
09:15:50		0.00		0.00		16.19		18.16		29
09:15:51		0.00		0.00		16.19		18.16		23
09:15:53		0.00		0.00		16.23		18.16		23
09:15:54		0.00		0.00		16.23		18.16		21
09:15:56		0.00		0.00		16.23		18.16		21
09:15:57		0.00		0.00		16.09		18.16		26
09:15:58		0.00		0.00		16.09		18.16		26
09:16:00		0.00		0.00		16.23		18.16		25
09:16:01		0.00		0.00		16.23		18.16		25
09:16:03		0.00		0.00		16.25		18.16		25
09:16:04		0.00		0.00		16.25		18.16		25
09:16:06		0.00		0.00		16.25		18.16		25
09:16:07		0.00		0.00		16.09		18.16		30
09:16:09		0.00		0.00		16.09		18.16		30
09:16:10		0.00		0.00		16.15		18.16		24
09:16:12		0.00		0.00		16.15		18.16		24
09:16:13		0.00		0.00		16.19		18.16		24
09:16:15		0.00		0.00		16.19		18.16		24
09:16:16		0.00		0.00		16.17		18.16		24
09:16:18		0.00		0.00		16.17		18.16		22
09:16:19		0.00		0.00		16.17		18.16		22
09:16:21		0.00		0.00		16.21		18.16		23
09:16:22		0.00		0.00		16.21		18.16		23
09:16:23		0.00		0.00		16.23		18.16		23
09:16:25		0.00		0.00		16.23		18.16		23
09:16:26		0.00		0.00		16.17		18.16		23
09:16:28		0.00		0.00		16.17		18.16		17
09:16:29		0.00		0.00		16.17		18.16		17
09:16:31		0.00		0.00		16.21		18.16		14
09:16:32		0.00		0.00		16.21		18.16		14
09:16:34		0.00		0.00		16.21		18.16		14
09:16:35		0.00		0.00		16.21		18.16		14
09:16:37		0.00		0.00		16.11		18.16		14
09:16:38		0.00		0.00		16.11		18.16		10
09:16:40		0.00		0.00		16.19		18.16		10
09:16:41		0.00		0.00		16.19		18.16		11
09:16:43		0.00		0.00		16.19		18.16		11
09:16:44		0.00		0.00		16.23		18.16		7
09:16:46		0.00		0.00		16.23		18.16		7
09:16:47		0.00		0.00		16.05		18.16		7
09:16:48		0.00		0.00		16.05		18.16		5
09:16:50		0.00		0.00		16.21		18.16		5
09:16:51		0.00		0.00		16.21		18.16		4
09:16:53		0.00		0.00		16.21		18.16		4
09:16:54		0.00		0.00		16.21		18.16		10
09:16:56		0.00		0.00		16.21		18.16		10
09:16:57		0.00		0.00		16.07		18.16		9
09:16:59		0.00		0.00		16.07		18.16		9
09:17:00		0.00		0.00		16.21		18.16		9
09:17:02		0.00		0.00		16.21		18.16		11
09:17:03		0.00		0.00		16.21		18.16		11
09:17:05		0.00		0.00		16.19		18.16		11
09:17:06		0.00		0.00		16.19		18.16		11
09:17:08		0.00		0.00		16.11		18.16		14
09:17:09		0.00		0.00		16.11		18.16		14
09:17:12		0.00		0.00		16.21		18.16		14
09:17:13		0.00		0.00		16.21		18.16		16
09:17:14		0.00		0.00		16.19		18.16		16
09:17:16		0.00		0.00		16.19		18.16		16
09:17:17		0.00		0.00		16.19		18.16		16
09:17:19		0.00		0.00		16.09		18.16		15
09:17:20		0.00		0.00		16.09		18.16		15
09:17:22		0.00		0.00		16.19		18.16		15
09:17:23		0.00		0.00		16.19		18.16		15
09:17:25		0.00		0.00		16.21		18.17		15
09:17:26		0.00		0.00		16.21		18.17		10
09:17:28		0.00		0.00		16.21		18.17		10
09:17:29		0.00		0.00		16.09		18.18		11
09:17:31		0.00		0.00		16.09		18.18		11
09:17:32		0.00		0.00		16.19		18.18		70
09:17:34		0.00		0.00		16.19		18.18		70
09:17:35		0.00		0.00		16.15		18.18		70
09:17:37		0.00		0.00		16.15		18.18		82
09:17:38		0.00		0.00		16.15		18.17		82
09:17:39		0.00		0.00		16.13		18.17		92
09:17:41		0.00		0.00		16.13		18.17		92
09:17:42		0.00		0.00		16.23		18.17		95
09:17:44		0.00		0.00		16.23		18.17		95
09:17:45		0.00		0.00		16.17		18.17		95
09:17:47		0.00		0.00		16.17		18.17		95
09:17:48		0.00		0.00		16.19		18.17		95
09:17:50		0.00		0.00		16.19		18.17		105
09:17:51		0.00		0.00		16.19		18.17		105
09:17:53		0.00		0.00		16.17		18.17		107
09:17:54		0.00		0.00		16.17		18.17		107
09:17:56		0.00		0.00		16.21		18.17		107
09:17:57		0.00		0.00		16.21		18.17		112
09:17:59		0.00		0.00		16.09		18.17		112
09:18:00		0.00		0.00		16.09		18.17		101
09:18:02		0.00		0.00		16.09		18.17		101
09:18:03		0.00		0.00		16.27		18.18		52
09:18:04		0.00		0.00		16.27		18.18		52
09:18:06		0.00		0.00		16.13		18.17		31
09:18:07		0.00		0.00		16.13		18.17		31
09:18:09		0.00		0.00		16.21		18.17		31
09:18:10		0.00		0.00		16.21		18.17		29
09:18:12		0.00		0.00		16.21		18.17		29
09:18:13		0.00		0.00		16.23		18.17		26
09:18:15		0.00		0.00		16.23		18.17		26
09:18:16		0.00		0.00		16.11		18.17		27
09:18:18		0.00		0.00		16.11		18.17		27
09:18:19		0.00		0.00		16.19		18.17		27
09:18:21		0.00		0.00		16.19		18.17		18
09:18:22		0.00		0.00		16.21		18.16		18
09:18:24		0.00		0.00		16.21		18.16		15
09:18:25		0.00		0.00		16.21		18.16		15
09:18:27		0.00		0.00		16.07		18.17		14
09:18:28		0.00		0.00		16.07		18.17		14
09:18:30		0.00		0.00		16.19		18.17		14
09:18:31		0.00		0.00		16.19		18.17		14
09:18:32		0.00		0.00		16.23		18.17		14
09:18:34		0.00		0.00		16.23		18.17		15
09:18:35		0.00		0.00		16.23		18.17		15
09:18:37		0.00		0.00		16.11		18.16		20
09:18:38		0.00		0.00		16.11		18.16		20
09:18:40		0.00		0.00		16.19		18.16		15
09:18:41		0.00		0.00		16.19		18.16		15
09:18:43		0.00		0.00		16.19		18.16		15
09:18:44		0.00		0.00		16.19		18.16		22
09:18:46		0.00		0.00		16.11		18.16		22
09:18:47		0.00		0.00		16.11		18.16		23
09:18:49		0.00		0.00		16.11		18.16		23
09:18:50		0.00		0.00		16.19		18.16		23
09:18:52		0.00		0.00		16.19		18.16		23
09:18:53		0.00		0.00		16.19		18.16		23
09:18:55		0.00		0.00		16.19		18.16		23
09:18:56		0.00		0.00		16.15		18.16		23
09:18:57		0.00		0.00		16.15		18.16		19
09:18:59		0.00		0.00		16.15		18.16		19
09:19:00		0.00		0.00		16.15		18.16		20
09:19:02		0.00		0.00		16.15		18.16		20
09:19:03		0.00		0.00		16.19		18.16		20
09:19:05		0.00		0.00		16.19		18.16		20
09:19:06		0.00		0.00		16.07		18.16		20
09:19:08		0.00		0.00		16.07		18.16		17
09:19:09		0.00		0.00		16.07		18.16		17
09:19:11		0.00		0.00		16.21		18.16		16
09:19:12		0.00		0.00		16.21		18.16		16
09:19:14		0.00		0.00		16.21		18.16		8
09:19:15		0.00		0.00		16.21		18.16		8
09:19:17		0.00		0.00		16.05		18.16		8
09:19:18		0.00		0.00		16.05		18.16		6
09:19:20		0.00		0.00		16.17		18.16		6
09:19:21		0.00		0.00		16.17		18.16		7
09:19:22		0.00		0.00		16.17		18.16		7
09:19:24		0.00		0.00		16.21		18.16		7
09:19:25		0.00		0.00		16.21		18.16		7
09:19:27		0.00		0.00		16.11		18.16		7
09:19:28		0.00		0.00		16.11		18.16		7
09:19:30		0.00		0.00		16.19		18.17		7
09:19:31		0.00		0.00		16.19		18.17		7
09:19:33		0.00		0.00		16.19		18.17		7
09:19:34		0.00		0.00		16.21		18.17		7
09:19:36		0.00		0.00		16.21		18.17		7
09:19:37		0.00		0.00		16.09		18.16		7
09:19:39		0.00		0.00		16.09		18.16		7
09:19:40		0.00		0.00		16.21		18.16		7
09:19:42		0.00		0.00		16.21		18.16		15
09:19:43		0.00		0.00		16.21		18.16		15
09:19:45		0.00		0.00		16.11		18.16		16
09:19:46		0.00		0.00		16.11		18.16		16
09:19:47		0.00		0.00		16.19		18.16		15
09:19:49		0.00		0.00		16.19		18.16		15
09:19:50		0.00		0.00		16.19		18.16		15
09:19:52		0.00		0.00		16.19		18.16		15
09:19:53		0.00		0.00		16.17		18.16		15
09:19:55		0.00		0.00		16.17		18.16		19
09:19:56		0.00		0.00		16.17		18.16		19
09:19:58		0.00		0.00		16.19		18.16		18
09:19:59		0.00		0.00		16.19		18.16		18
09:20:01		0.00		0.00		16.23		18.17		18
09:20:02		0.00		0.00		16.23		18.17		18
09:20:04		0.00		0.00		16.19		18.17		18
09:20:05		0.00		0.00		16.19		18.17		19
09:20:07		0.00		0.00		16.19		18.17		19
09:20:08		0.00		0.00		16.05		18.20		26
09:20:10		0.00		0.00		16.05		18.20		26
09:20:11		0.00		0.00		16.15		18.19		17
09:20:12		0.00		0.00		16.15		18.19		17
09:20:14		0.00		0.00		16.17		18.17		17
09:20:15		0.00		0.00		16.17		18.17		18
09:20:17		0.00		0.00		16.21		18.17		18
09:20:18		0.00		0.00		16.21		18.17		22
09:20:20		0.00		0.00		16.21		18.17		22
09:20:21		0.00		0.00		16.19		18.16		18
09:20:23		0.00		0.00		16.19		18.16		18
09:20:24		0.00		0.00		16.11		18.19		18
09:20:26		0.00		0.00		16.11		18.19		20
09:20:27		0.00		0.00		16.23		18.20		20
09:20:29		0.00		0.00		16.23		18.20		22
09:20:30		0.00		0.00		16.23		18.20		22
09:20:32		0.00		0.00		16.21		18.17		24
09:20:33		0.00		0.00		16.21		18.17		24
09:20:35		0.00		0.00		15.95		18.19		22
09:20:36		0.00		0.00		15.95		18.19		22
09:20:38		0.00		0.00		15.95		18.18		22
09:20:39		0.00		0.00		15.95		18.18		16
09:20:40		0.00		0.00		15.95		18.16		16
09:20:42		0.00		0.00		16.11		18.16		16
09:20:43		0.00		0.00		16.11		18.16		16
09:20:45		0.00		0.00		15.99		18.16		15
09:20:46		0.00		0.00		15.99		18.16		15
09:20:48		0.00		0.00		16.07		18.17		15
09:20:49		0.00		0.00		16.07		18.17		11
09:20:51		0.00		0.00		16.09		18.16		11
09:20:52		0.00		0.00		16.09		18.16		10
09:20:54		0.00		0.00		16.09		18.16		10
09:20:55		0.00		0.00		15.97		18.16		9
09:20:57		0.00		0.00		15.97		18.16		9
09:20:58		0.00		0.00		16.05		18.16		9
09:21:00		0.00		0.00		16.05		18.16		9
09:21:01		0.00		0.00		16.01		18.16		9
09:21:03		0.00		0.00		16.01		18.16		12
09:21:04		0.00		0.00		16.01		18.16		12
09:21:05		0.00		0.00		15.94		18.16		14
09:21:07		0.00		0.00		15.94		18.16		14
09:21:08		0.00		0.00		16.09		18.16		17
09:21:10		0.00		0.00		16.09		18.16		17
09:21:11		0.00		0.00		16.09		18.17		17
09:21:13		0.00		0.00		16.09		18.17		22
09:21:14		0.00		0.00		16.09		18.16		22
09:21:16		0.00		0.00		16.03		18.16		24
09:21:17		0.00		0.00		16.03		18.16		24
09:21:19		0.00		0.00		16.11		18.16		24
09:21:20		0.00		0.00		16.11		18.16		24
09:21:22		0.00		0.00		16.03		18.16		24
09:21:23		0.00		0.00		16.03		18.16		28
09:21:25		0.00		0.00		16.11		18.16		28
09:21:26		0.00		0.00		16.11		18.16		27
09:21:28		0.00		0.00		16.11		18.16		27
09:21:29		0.00		0.00		16.13		18.16		27
09:21:30		0.00		0.00		16.13		18.16		27
09:21:32		0.00		0.00		15.95		18.16		25
09:21:33		0.00		0.00		15.95		18.16		25
09:21:35		0.00		0.00		16.01		18.16		25
09:21:36		0.00		0.00		16.01		18.16		23
09:21:38		0.00		0.00		16.01		18.16		23
09:21:39		0.00		0.00		16.11		18.16		19
09:21:41		0.00		0.00		16.11		18.16		19
09:21:42		0.00		0.00		16.03		18.16		15
09:21:44		0.00		0.00		16.03		18.16		15
09:21:45		0.00		0.00		16.13		18.16		15
09:21:47		0.00		0.00		16.13		18.16		22
09:21:48		0.00		0.00		16.07		18.16		22
09:21:50		0.00		0.00		16.07		18.16		16
09:21:51		0.00		0.00		16.07		18.16		16
09:21:53		0.00		0.00		16.03		18.16		17
09:21:54		0.00		0.00		16.03		18.16		17
09:21:55		0.00		0.00		16.11		18.16		17
09:21:57		0.00		0.00		16.11		18.16		19
09:21:58		0.00		0.00		16.11		18.16		19
09:22:00		0.00		0.00		16.11		18.16		19
09:22:01		0.00		0.00		16.11		18.16		19
09:22:03		0.00		0.00		16.01		18.16		21
09:22:04		0.00		0.00		16.01		18.16		21
09:22:06		0.00		0.00		16.09		18.16		27
09:22:07		0.00		0.00		16.09		18.16		27
09:22:09		0.00		0.00		16.09		18.16		27
09:22:10		0.00		0.00		16.09		18.16		26
09:22:12		0.00		0.00		16.09		18.16		26
09:22:13		0.00		0.00		16.03		18.16		27
09:22:15		0.00		0.00		16.03		18.16		27
09:22:16		0.00		0.00		16.15		18.16		21
09:22:18		0.00		0.00		16.15		18.16		21
09:22:19		0.00		0.00		16.15		18.16		21
09:22:21		0.00		0.00		16.15		18.16		21
09:22:22		0.00		0.00		15.97		18.16		21
09:22:23		0.00		0.00		15.97		18.16		22
09:22:25		0.00		0.00		15.97		18.16		22
09:22:26		0.00		0.00		16.09		18.16		27
09:22:28		0.00		0.00		16.09		18.16		27
09:22:29		0.00		0.00		16.13		18.16		27
09:22:31		0.00		0.00		16.13		18.16		27
09:22:32		0.00		0.00		15.99		18.16		27
09:22:34		0.00		0.00		15.99		18.16		16
09:22:35		0.00		0.00		15.99		18.16		16
09:22:37		0.00		0.00		16.09		18.16		16
09:22:38		0.00		0.00		16.09		18.16		16
09:22:40		0.00		0.00		16.15		18.16		19
09:22:41		0.00		0.00		16.15		18.16		19
09:22:43		0.00		0.00		16.03		18.16		19
09:22:44		0.00		0.00		16.03		18.16		19
09:22:46		0.00		0.00		16.03		18.16		19
09:22:47		0.00		0.00		16.13		18.16		21
09:22:48		0.00		0.00		16.13		18.16		21
09:22:51		0.00		0.00		16.05		18.16		21
09:22:52		0.00		0.00		16.05		18.16		21
09:22:54		0.00		0.00		16.05		18.16		21
09:22:55		0.00		0.00		16.05		18.16		17
09:22:57		0.00		0.00		16.09		18.16		17
09:22:58		0.00		0.00		16.09		18.16		12
09:23:00		0.00		0.00		16.09		18.16		12
09:23:01		0.00		0.00		16.13		18.16		13
09:23:03		0.00		0.00		16.13		18.16		13
09:23:04		0.00		0.00		16.03		18.16		13
09:23:06		0.00		0.00		16.03		18.16		13
09:23:07		0.00		0.00		16.09		18.16		13
09:23:09		0.00		0.00		16.09		18.16		20
09:23:10		0.00		0.00		16.09		18.16		20
09:23:12		0.00		0.00		16.11		18.16		16
09:23:13		0.00		0.00		16.11		18.16		16
09:23:14		0.00		0.00		16.05		18.16		17
09:23:16		0.00		0.00		16.05		18.16		17
09:23:17		0.00		0.00		16.11		18.16		17
09:23:19		0.00		0.00		16.11		18.16		12
09:23:20		0.00		0.00		16.01		18.24		12
09:23:22		0.00		0.00		16.01		18.24		12
09:23:23		0.00		0.00		16.01		18.24		12
09:23:25		0.00		0.00		16.03		18.17		14
09:23:26		0.00		0.00		16.03		18.17		14
09:23:28		0.00		0.00		16.13		18.17		14
09:23:29		0.00		0.00		16.13		18.17		14
09:23:31		0.00		0.00		16.09		18.17		14
09:23:32		0.00		0.00		16.09		18.17		16
09:23:34		0.00		0.00		16.09		18.17		16
09:23:35		0.00		0.00		16.03		18.17		15
09:23:37		0.00		0.00		16.03		18.17		15
09:23:38		0.00		0.00		16.09		18.17		10
09:23:39		0.00		0.00		16.09		18.17		10
09:23:41		0.00		0.00		16.05		18.17		10
09:23:42		0.00		0.00		16.05		18.17		9
09:23:44		0.00		0.00		16.05		18.17		9
09:23:45		0.00		0.00		16.05		18.17		8
09:23:47		0.00		0.00		16.05		18.17		8
09:23:48		0.00		0.00		16.11		18.17		10
09:23:50		0.00		0.00		16.11		18.17		10
09:23:51		0.00		0.00		16.05		18.16		10
09:23:53		0.00		0.00		16.05		18.16		35
09:23:54		0.00		0.00		16.11		18.17		35
09:23:56		0.00		0.00		16.11		18.17		34
09:23:57		0.00		0.00		16.11		18.17		34
09:23:59		0.00		0.00		16.15		18.16		33
09:24:00		0.00		0.00		16.15		18.16		33
09:24:02		0.00		0.00		15.97		18.16		33
09:24:03		0.00		0.00		15.97		18.16		33
09:24:05		0.00		0.00		16.03		18.18		33
09:24:06		0.00		0.00		16.03		18.18		33
09:24:07		0.00		0.00		16.03		18.18		33
09:24:09		0.00		0.00		16.15		18.18		39
09:24:10		0.00		0.00		16.15		18.18		39
09:24:12		0.00		0.00		16.05		18.17		56
09:24:13		0.00		0.00		16.05		18.17		56
09:24:15		0.00		0.00		16.15		18.17		56
09:24:16		0.00		0.00		16.15		18.17		56
09:24:18		0.00		0.00		16.15		18.17		56
09:24:19		0.00		0.00		16.15		18.17		52
09:24:21		0.00		0.00		16.15		18.17		52
09:24:22		0.00		0.00		16.09		18.16		39
09:24:24		0.00		0.00		16.09		18.16		39
09:24:25		0.00		0.00		16.15		18.17		39
09:24:27		0.00		0.00		16.15		18.17		48
09:24:28		0.00		0.00		16.09		18.24		48
09:24:30		0.00		0.00		16.09		18.24		51
09:24:31		0.00		0.00		16.09		18.24		51
09:24:32		0.00		0.00		16.07		18.22		51
09:24:34		0.00		0.00		16.07		18.22		51
09:24:35		0.00		0.00		16.25		18.20		51
09:24:37		0.00		0.00		16.25		18.20		62
09:24:38		0.00		0.00		16.15		18.23		62
09:24:40		0.00		0.00		16.15		18.23		62
09:24:41		0.00		0.00		16.15		18.23		62
09:24:43		0.00		0.00		16.11		18.26		53
09:24:44		0.00		0.00		16.11		18.26		53
09:24:46		0.00		0.00		16.23		18.28		54
09:24:47		0.00		0.00		16.23		18.28		54
09:24:49		0.00		0.00		16.17		18.33		54
09:24:50		0.00		0.00		16.17		18.33		55
09:24:52		0.00		0.00		16.11		18.30		55
09:24:53		0.00		0.00		16.11		18.30		54
09:24:55		0.00		0.00		16.11		18.30		54
09:24:56		0.00		0.00		16.21		18.28		47
09:24:57		0.00		0.00		16.21		18.28		47
09:24:59		0.00		0.00		16.15		18.25		47
09:25:00		0.00		0.00		16.15		18.25		47
09:25:02		0.00		0.00		16.07		18.25		47
09:25:03		0.00		0.00		16.07		18.25		44
09:25:05		0.00		0.00		16.07		18.25		44
09:25:06		0.00		0.00		16.17		18.25		42
09:25:08		0.00		0.00		16.17		18.25		42
09:25:09		0.00		0.00		16.09		18.25		30
09:25:11		0.00		0.00		16.09		18.25		30
09:25:12		0.00		0.00		16.07		18.27		30
09:25:14		0.00		0.00		16.07		18.27		30
09:25:15		0.00		0.00		16.07		18.27		30
09:25:17		0.00		0.00		16.19		18.30		25
09:25:18		0.00		0.00		16.19		18.30		25
09:25:20		0.00		0.00		16.23		18.36		24
09:25:21		0.00		0.00		16.23		18.36		24
09:25:22		0.00		0.00		16.11		18.43		24
09:25:24		0.00		0.00		16.11		18.43		20
09:25:25		0.00		0.00		16.21		18.47		20
09:25:27		0.00		0.00		16.21		18.47		15
09:25:28		0.00		0.00		16.21		18.47		15
09:25:30		0.00		0.00		16.13		18.51		17
09:25:31		0.00		0.00		16.13		18.51		17
09:25:33		0.00		0.00		16.15		18.46		17
09:25:34		0.00		0.00		16.15		18.46		11
09:25:36		0.00		0.00		16.21		18.46		11
09:25:37		0.00		0.00		16.21		18.46		10
09:25:39		0.00		0.00		16.21		18.46		10
09:25:40		0.00		0.00		16.13		18.45		9
09:25:42		0.00		0.00		16.13		18.45		9
09:25:43		0.00		0.00		16.11		18.46		9
09:25:45		0.00		0.00		16.11		18.46		9
09:25:46		0.00		0.00		16.15		18.45		9
09:25:48		0.00		0.00		16.15		18.45		8
09:25:49		0.00		0.00		16.15		18.45		8
09:25:50		0.00		0.00		16.09		18.45		7
09:25:52		0.00		0.00		16.09		18.45		7
09:25:53		0.00		0.00		16.13		18.46		9
09:25:55		0.00		0.00		16.13		18.46		9
09:25:56		0.00		0.00		16.13		18.45		9
09:25:58		0.00		0.00		16.13		18.45		11
09:25:59		0.00		0.00		16.09		18.45		11
09:26:01		0.00		0.00		16.09		18.45		15
09:26:02		0.00		0.00		16.09		18.45		15
09:26:04		0.00		0.00		16.21		18.45		18
09:26:05		0.00		0.00		16.21		18.45		18
09:26:07		0.00		0.00		16.21		18.46		18
09:26:08		0.00		0.00		16.21		18.46		18
09:26:10		0.00		0.00		16.09		18.53		18
09:26:11		0.00		0.00		16.09		18.53		19
09:26:14		0.00		0.00		16.23		18.60		27
09:26:19		0.00		0.00		16.31		18.57		28
09:26:24		0.00		0.00		16.23		18.58		34
09:26:29		0.00		0.00		16.23		18.55		35
09:26:34		0.00		0.00		16.21		18.54		27
09:26:39		0.00		0.00		16.19		18.53		31
09:26:44		0.00		0.00		16.19		18.53		22
09:26:49		0.00		0.00		16.19		18.56		20
09:26:54		0.00		0.00		16.17		18.54		10
09:26:56		0.00		0.00		16.17		18.54		10
09:26:57		0.00		0.00		16.21		18.53		9
09:26:59		0.00		0.00		16.21		18.53		9
09:27:00		0.00		0.00		16.07		18.57		9
09:27:02		0.00		0.00		16.07		18.57		14
09:27:03		0.00		0.00		16.07		18.54		14
09:27:05		0.00		0.00		16.19		18.54		15
09:27:06		0.00		0.00		16.19		18.54		15
09:27:08		0.00		0.00		16.23		18.55		16
09:27:09		0.00		0.00		16.23		18.55		16
09:27:11		0.00		0.00		16.17		18.55		16
09:27:12		0.00		0.00		16.17		18.55		21
09:27:14		0.00		0.00		16.17		18.60		21
09:27:15		0.00		0.00		16.17		18.60		21
09:27:17		0.00		0.00		16.17		18.60		21
09:27:18		0.00		0.00		16.25		18.68		22
09:27:20		0.00		0.00		16.25		18.68		22
09:27:21		0.00		0.00		16.13		18.76		22
09:27:22		0.00		0.00		16.13		18.76		22
09:27:24		0.00		0.00		16.31		18.74		22
09:27:25		0.00		0.00		16.31		18.74		23
09:27:27		0.00		0.00		16.31		18.74		23
09:27:28		0.00		0.00		16.15		18.73		21
09:27:30		0.00		0.00		16.15		18.73		21
09:27:31		0.00		0.00		16.11		18.72		20
09:27:33		0.00		0.00		16.11		18.72		20
09:27:34		0.00		0.00		16.23		18.73		20
09:27:36		0.00		0.00		16.23		18.73		20
09:27:37		0.00		0.00		16.23		18.72		20
09:27:39		0.00		0.00		16.23		18.72		14
09:27:40		0.00		0.00		16.23		18.72		14
09:27:42		0.00		0.00		16.17		18.73		10
09:27:43		0.00		0.00		16.17		18.73		10
09:27:45		0.00		0.00		16.23		18.73		10
09:27:46		0.00		0.00		16.23		18.73		12
09:27:47		0.00		0.00		16.11		18.72		12
09:27:49		0.00		0.00		16.11		18.72		12
09:27:50		0.00		0.00		16.11		18.72		12
09:27:52		0.00		0.00		16.21		18.73		25
09:27:53		0.00		0.00		16.21		18.73		25
09:27:55		0.00		0.00		16.21		18.76		25
09:27:56		0.00		0.00		16.21		18.76		25
09:27:58		0.00		0.00		16.17		18.76		25
09:27:59		0.00		0.00		16.17		18.76		26
09:28:01		0.00		0.00		16.17		18.80		26
09:28:02		0.00		0.00		16.23		18.80		34
09:28:04		0.00		0.00		16.23		18.80		34
09:28:05		0.00		0.00		16.23		18.89		32
09:28:07		0.00		0.00		16.23		18.89		32
09:28:08		0.00		0.00		16.21		18.91		32
09:28:10		0.00		0.00		16.21		18.91		34
09:28:11		0.00		0.00		16.19		18.87		34
09:28:12		0.00		0.00		16.19		18.87		34
09:28:14		0.00		0.00		16.19		18.87		34
09:28:15		0.00		0.00		16.19		18.86		34
09:28:17		0.00		0.00		16.19		18.86		34
09:28:18		0.00		0.00		16.11		18.87		34
09:28:20		0.00		0.00		16.11		18.87		32
09:28:21		0.00		0.00		16.17		18.88		32
09:28:23		0.00		0.00		16.17		18.88		27
09:28:24		0.00		0.00		16.17		18.88		27
09:28:26		0.00		0.00		16.23		18.95		26
09:28:28		0.00		0.00		16.23		18.95		26
09:28:30		0.00		0.00		16.07		18.95		28
09:28:31		0.00		0.00		16.07		18.95		28
09:28:33		0.00		0.00		16.25		18.94		28
09:28:34		0.00		0.00		16.25		18.94		19
09:28:36		0.00		0.00		16.25		18.94		19
09:28:37		0.00		0.00		16.23		18.94		23
09:28:38		0.00		0.00		16.23		18.94		23
09:28:40		0.00		0.00		16.11		18.93		23
09:28:41		0.00		0.00		16.11		18.93		23
09:28:43		0.00		0.00		16.19		18.93		23
09:28:44		0.00		0.00		16.19		18.93		21
09:28:46		0.00		0.00		16.21		18.94		21
09:28:47		0.00		0.00		16.21		18.94		21
09:28:49		0.00		0.00		16.21		18.94		21
09:28:50		0.00		0.00		16.13		18.93		32
09:28:52		0.00		0.00		16.13		18.93		32
09:28:53		0.00		0.00		16.21		18.94		28
09:28:55		0.00		0.00		16.21		18.94		28
09:28:56		0.00		0.00		16.23		18.94		28
09:28:58		0.00		0.00		16.23		18.94		31
09:28:59		0.00		0.00		16.23		18.94		31
09:29:01		0.00		0.00		16.13		18.94		28
09:29:02		0.00		0.00		16.13		18.94		28
09:29:04		0.00		0.00		16.23		18.97		27
09:29:05		0.00		0.00		16.23		18.97		27
09:29:06		0.00		0.00		16.23		18.96		27
09:29:08		0.00		0.00		16.23		18.96		27
09:29:09		0.00		0.00		16.13		18.99		27
09:29:11		0.00		0.00		16.13		18.99		33
09:29:12		0.00		0.00		16.13		18.99		33
09:29:14		0.00		0.00		16.27		19.08		34
09:29:15		0.00		0.00		16.27		19.08		34
09:29:17		0.00		0.00		16.23		19.11		34
09:29:18		0.00		0.00		16.23		19.11		35
09:29:20		0.00		0.00		16.19		19.09		35
09:29:21		0.00		0.00		16.19		19.09		31
09:29:23		0.00		0.00		16.19		19.09		31
09:29:24		0.00		0.00		16.23		19.08		31
09:29:26		0.00		0.00		16.23		19.08		31
09:29:27		0.00		0.00		16.19		19.07		31
09:29:29		0.00		0.00		16.19		19.07		31
09:29:30		0.00		0.00		16.07		19.07		31
09:29:31		0.00		0.00		16.07		19.07		39
09:29:33		0.00		0.00		16.07		19.11		39
09:29:34		0.00		0.00		16.23		19.11		46
09:29:36		0.00		0.00		16.23		19.11		46
09:29:37		0.00		0.00		16.23		19.16		47
09:29:39		0.00		0.00		16.23		19.16		47
09:29:40		0.00		0.00		16.17		19.22		47
09:29:42		0.00		0.00		16.17		19.22		43
09:29:43		0.00		0.00		16.27		19.33		43
09:29:45		0.00		0.00		16.27		19.33		40
09:29:46		0.00		0.00		16.27		19.33		40
09:29:48		0.00		0.00		16.31		19.25		38
09:29:49		0.00		0.00		16.31		19.25		38
09:29:51		0.00		0.00		16.27		19.25		38
09:29:52		0.00		0.00		16.27		19.25		33
09:29:54		0.00		0.00		16.23		19.24		33
09:29:55		0.00		0.00		16.23		19.24		34
09:29:56		0.00		0.00		16.23		19.24		34
09:29:58		0.00		0.00		16.11		19.24		37
09:29:59		0.00		0.00		16.11		19.24		37
09:30:01		0.00		0.00		16.15		19.24		31
09:30:02		0.00		0.00		16.15		19.24		31
09:30:04		0.00		0.00		16.21		19.25		31
09:30:05		0.00		0.00		16.21		19.25		23
09:30:07		0.00		0.00		16.21		19.26		23
09:30:08		0.00		0.00		16.15		19.26		19
09:30:10		0.00		0.00		16.15		19.26		19
09:30:11		0.00		0.00		16.15		19.25		28
09:30:13		0.00		0.00		16.15		19.25		28
09:30:14		0.00		0.00		16.21		19.29		28
09:30:16		0.00		0.00		16.21		19.29		36
09:30:17		0.00		0.00		16.17		19.30		36
09:30:19		0.00		0.00		16.17		19.30		42
09:30:20		0.00		0.00		16.17		19.30		42
09:30:21		0.00		0.00		16.23		19.34		48
09:30:23		0.00		0.00		16.23		19.34		48
09:30:24		0.00		0.00		16.23		19.32		51
09:30:26		0.00		0.00		16.23		19.32		51
09:30:27		0.00		0.00		16.15		19.34		51
09:30:29		0.00		0.00		16.15		19.34		49
09:30:30		0.00		0.00		16.15		19.34		49
09:30:32		0.00		0.00		16.21		19.50		48
09:30:33		0.00		0.00		16.21		19.50		48
09:30:35		0.00		0.00		16.49		19.36		46
09:30:36		0.00		0.00		16.49		19.36		46
09:30:38		0.00		0.00		16.19		19.34		46
09:30:39		0.00		0.00		16.19		19.34		47
09:30:41		0.00		0.00		16.17		19.35		47
09:30:42		0.00		0.00		16.17		19.35		35
09:30:44		0.00		0.00		16.17		19.35		35
09:30:45		0.00		0.00		16.23		19.35		32
09:30:47		0.00		0.00		16.23		19.35		32
09:30:48		0.00		0.00		16.19		19.34		32
09:30:49		0.00		0.00		16.19		19.34		31
09:30:51		0.00		0.00		16.21		19.34		31
09:30:52		0.00		0.00		16.21		19.34		28
09:30:54		0.00		0.00		16.21		19.34		28
09:30:55		0.00		0.00		16.23		19.34		24
09:30:57		0.00		0.00		16.23		19.34		24
09:30:58		0.00		0.00		16.09		19.34		32
09:31:00		0.00		0.00		16.09		19.34		32
09:31:01		0.00		0.00		16.19		19.33		32
09:31:03		0.00		0.00		16.19		19.33		31
09:31:04		0.00		0.00		16.19		19.36		31
09:31:06		0.00		0.00		16.25		19.36		34
09:31:07		0.00		0.00		16.25		19.36		34
09:31:09		0.00		0.00		16.13		19.42		33
09:31:10		0.00		0.00		16.13		19.42		33
09:31:12		0.00		0.00		16.25		19.47		33
09:31:13		0.00		0.00		16.25		19.47		43
09:31:14		0.00		0.00		16.23		19.48		43
09:31:16		0.00		0.00		16.23		19.48		38
09:31:17		0.00		0.00		16.23		19.48		38
09:31:19		0.00		0.00		16.13		19.47		34
09:31:20		0.00		0.00		16.13		19.47		34
09:31:22		0.00		0.00		16.17		19.47		34
09:31:23		0.00		0.00		16.17		19.47		25
09:31:25		0.00		0.00		16.21		19.47		25
09:31:26		0.00		0.00		16.21		19.47		29
09:31:28		0.00		0.00		16.21		19.47		29
09:31:29		0.00		0.00		16.15		19.48		22
09:31:31		0.00		0.00		16.15		19.48		22
09:31:32		0.00		0.00		16.21		19.47		22
09:31:34		0.00		0.00		16.21		19.47		22
09:31:35		0.00		0.00		16.25		19.46		22
09:31:37		0.00		0.00		16.25		19.46		20
09:31:38		0.00		0.00		16.25		19.50		20
09:31:39		0.00		0.00		16.13		19.50		24
09:31:41		0.00		0.00		16.13		19.50		24
09:31:42		0.00		0.00		16.23		19.53		17
09:31:44		0.00		0.00		16.23		19.53		17
09:31:45		0.00		0.00		16.19		19.61		17
09:31:47		0.00		0.00		16.19		19.61		15
09:31:48		0.00		0.00		16.13		19.63		15
09:31:50		0.00		0.00		16.13		19.63		17
09:31:51		0.00		0.00		16.13		19.63		17
09:31:53		0.00		0.00		16.29		19.64		23
09:31:54		0.00		0.00		16.29		19.64		23
09:31:56		0.00		0.00		16.09		19.61		21
09:31:57		0.00		0.00		16.09		19.61		21
09:31:59		0.00		0.00		16.13		19.61		21
09:32:00		0.00		0.00		16.13		19.61		30
09:32:02		0.00		0.00		16.13		19.61		30
09:32:03		0.00		0.00		16.27		19.61		39
09:32:04		0.00		0.00		16.27		19.61		39
09:32:06		0.00		0.00		16.23		19.65		39
09:32:07		0.00		0.00		16.23		19.65		39
09:32:09		0.00		0.00		16.23		19.69		39
09:32:10		0.00		0.00		16.23		19.69		34
09:32:12		0.00		0.00		16.27		19.71		34
09:32:13		0.00		0.00		16.27		19.71		33
09:32:15		0.00		0.00		16.27		19.71		33
09:32:16		0.00		0.00		16.27		19.74		38
09:32:18		0.00		0.00		16.27		19.74		38
09:32:19		0.00		0.00		16.19		19.72		38
09:32:21		0.00		0.00		16.19		19.72		37
09:32:22		0.00		0.00		16.23		19.72		37
09:32:24		0.00		0.00		16.23		19.72		31
09:32:25		0.00		0.00		16.23		19.72		31
09:32:27		0.00		0.00		16.15		19.72		28
09:32:28		0.00		0.00		16.15		19.72		28
09:32:29		0.00		0.00		16.21		19.72		16
09:32:31		0.00		0.00		16.21		19.72		16
09:32:32		0.00		0.00		16.25		19.73		16
09:32:34		0.00		0.00		16.25		19.73		11
09:32:35		0.00		0.00		16.25		19.72		11
09:32:37		0.00		0.00		16.19		19.72		11
09:32:38		0.00		0.00		16.19		19.72		11
09:32:40		0.00		0.00		16.13		19.72		13
09:32:41		0.00		0.00		16.13		19.72		13
09:32:43		0.00		0.00		16.23		19.76		13
09:32:44		0.00		0.00		16.23		19.76		16
09:32:46		0.00		0.00		16.21		19.74		16
09:32:47		0.00		0.00		16.21		19.74		21
09:32:49		0.00		0.00		16.21		19.74		21
09:32:50		0.00		0.00		16.21		19.75		26
09:32:52		0.00		0.00		16.21		19.75		26
09:32:53		0.00		0.00		16.25		19.81		26
09:32:55		0.00		0.00		16.25		19.81		26
09:32:56		0.00		0.00		16.19		19.83		26
09:32:57		0.00		0.00		16.19		19.83		27
09:32:59		0.00		0.00		16.19		19.83		27
09:33:00		0.00		0.00		16.31		19.83		27
09:33:02		0.00		0.00		16.31		19.83		27
09:33:03		0.00		0.00		16.27		19.84		27
09:33:05		0.00		0.00		16.27		19.84		27
09:33:06		0.00		0.00		16.17		19.87		27
09:33:08		0.00		0.00		16.17		19.87		25
09:33:09		0.00		0.00		16.17		19.85		25
09:33:11		0.00		0.00		16.19		19.85		24
09:33:12		0.00		0.00		16.19		19.85		24
09:33:14		0.00		0.00		16.29		19.85		22
09:33:15		0.00		0.00		16.29		19.85		22
09:33:17		0.00		0.00		16.09		19.87		22
09:33:18		0.00		0.00		16.09		19.87		12
09:33:20		0.00		0.00		16.31		19.87		12
09:33:21		0.00		0.00		16.31		19.87		8
09:33:22		0.00		0.00		16.31		19.87		8
09:33:24		0.00		0.00		16.29		19.94		13
09:33:25		0.00		0.00		16.29		19.94		13
09:33:27		0.00		0.00		16.21		19.92		13
09:33:28		0.00		0.00		16.21		19.92		13
09:33:30		0.00		0.00		16.31		19.93		13
09:33:31		0.00		0.00		16.31		19.93		14
09:33:33		0.00		0.00		16.31		19.93		14
09:33:34		0.00		0.00		16.25		19.98		16
09:33:36		0.00		0.00		16.25		19.98		16
09:33:37		0.00		0.00		16.17		19.97		17
09:33:39		0.00		0.00		16.17		19.97		17
09:33:40		0.00		0.00		16.25		19.97		17
09:33:42		0.00		0.00		16.25		19.97		26
09:33:43		0.00		0.00		16.27		19.96		26
09:33:45		0.00		0.00		16.27		19.96		31
09:33:46		0.00		0.00		16.27		19.96		31
09:33:47		0.00		0.00		16.11		19.96		33
09:33:49		0.00		0.00		16.11		19.96		33
09:33:50		0.00		0.00		16.23		19.96		33
09:33:52		0.00		0.00		16.23		19.96		35
09:33:53		0.00		0.00		16.23		19.97		35
09:33:55		0.00		0.00		16.23		19.97		33
09:33:56		0.00		0.00		16.23		19.97		33
09:33:58		0.00		0.00		16.17		19.97		32
09:33:59		0.00		0.00		16.17		19.97		32
09:34:01		0.00		0.00		16.13		19.97		31
09:34:02		0.00		0.00		16.13		19.97		31
09:34:05		0.00		0.00		16.25		19.97		31
09:34:06		0.00		0.00		16.25		19.97		30
09:34:08		0.00		0.00		16.25		19.97		30
09:34:09		0.00		0.00		16.19		19.97		39
09:34:11		0.00		0.00		16.19		19.97		39
09:34:12		0.00		0.00		16.23		19.97		32
09:34:13		0.00		0.00		16.23		19.97		32
09:34:15		0.00		0.00		16.25		19.98		32
09:34:16		0.00		0.00		16.25		19.98		29
09:34:18		0.00		0.00		16.23		20.00		29
09:34:19		0.00		0.00		16.23		20.00		28
09:34:21		0.00		0.00		16.23		20.00		28
09:34:22		0.00		0.00		16.21		20.07		26
09:34:24		0.00		0.00		16.21		20.07		26
09:34:25		0.00		0.00		16.07		20.06		26
09:34:27		0.00		0.00		16.07		20.06		31
09:34:28		0.00		0.00		16.03		20.05		31
09:34:30		0.00		0.00		16.03		20.05		33
09:34:31		0.00		0.00		16.03		20.05		33
09:34:33		0.00		0.00		16.21		20.04		37
09:34:34		0.00		0.00		16.21		20.04		37
09:34:36		0.00		0.00		16.21		20.07		37
09:34:37		0.00		0.00		16.21		20.07		37
09:34:39		0.00		0.00		16.15		20.10		37
09:34:40		0.00		0.00		16.15		20.10		28
09:34:41		0.00		0.00		16.15		20.07		28
09:34:43		0.00		0.00		16.27		20.07		23
09:34:44		0.00		0.00		16.27		20.07		23
09:34:46		0.00		0.00		16.19		20.14		21
09:34:47		0.00		0.00		16.19		20.14		21
09:34:49		0.00		0.00		16.13		20.21		21
09:34:50		0.00		0.00		16.13		20.21		23
09:34:52		0.00		0.00		16.31		20.12		23
09:34:53		0.00		0.00		16.31		20.12		19
09:34:55		0.00		0.00		16.31		20.12		19
09:34:56		0.00		0.00		16.15		20.10		29
09:34:58		0.00		0.00		16.15		20.10		29
09:34:59		0.00		0.00		16.15		20.09		25
09:35:01		0.00		0.00		16.15		20.09		25
09:35:02		0.00		0.00		16.25		20.09		25
09:35:04		0.00		0.00		16.25		20.09		20
09:35:05		0.00		0.00		16.25		20.09		20
09:35:06		0.00		0.00		16.11		20.09		22
09:35:08		0.00		0.00		16.11		20.09		22
09:35:09		0.00		0.00		16.23		20.09		24
09:35:11		0.00		0.00		16.23		20.09		24
09:35:12		0.00		0.00		16.23		20.09		24
09:35:14		0.00		0.00		16.23		20.09		26
09:35:15		0.00		0.00		16.25		20.09		26
09:35:17		0.00		0.00		16.25		20.09		26
09:35:18		0.00		0.00		16.25		20.09		26
09:35:20		0.00		0.00		16.19		20.09		24
09:35:21		0.00		0.00		16.19		20.09		24
09:35:23		0.00		0.00		16.17		20.09		24
09:35:24		0.00		0.00		16.17		20.09		19
09:35:26		0.00		0.00		16.11		20.09		19
09:35:27		0.00		0.00		16.11		20.09		8
09:35:29		0.00		0.00		16.11		20.09		8
09:35:30		0.00		0.00		16.21		20.13		16
09:35:31		0.00		0.00		16.21		20.13		16
09:35:33		0.00		0.00		16.21		20.12		22
09:35:34		0.00		0.00		16.21		20.12		22
09:35:36		0.00		0.00		16.15		20.13		22
09:35:37		0.00		0.00		16.15		20.13		23
09:35:39		0.00		0.00		16.15		20.15		23
09:35:40		0.00		0.00		16.25		20.15		27
09:35:42		0.00		0.00		16.25		20.15		27
09:35:43		0.00		0.00		16.21		20.18		26
09:35:45		0.00		0.00		16.21		20.18		26
09:35:46		0.00		0.00		16.15		20.18		26
09:35:48		0.00		0.00		16.15		20.18		30
09:35:49		0.00		0.00		16.27		20.17		30
09:35:51		0.00		0.00		16.27		20.17		29
09:35:52		0.00		0.00		16.27		20.17		29
09:35:54		0.00		0.00		16.25		20.20		31
09:35:55		0.00		0.00		16.25		20.20		31
09:35:56		0.00		0.00		16.13		20.19		31
09:35:58		0.00		0.00		16.13		20.19		32
09:35:59		0.00		0.00		16.17		20.20		32
09:36:01		0.00		0.00		16.17		20.20		32
09:36:02		0.00		0.00		16.17		20.20		32
09:36:04		0.00		0.00		16.19		20.33		27
09:36:05		0.00		0.00		16.19		20.33		27
09:36:07		0.00		0.00		16.21		20.24		25
09:36:08		0.00		0.00		16.21		20.24		25
09:36:10		0.00		0.00		16.23		20.27		25
09:36:11		0.00		0.00		16.23		20.27		20
09:36:13		0.00		0.00		16.23		20.23		20
09:36:14		0.00		0.00		16.25		20.23		21
09:36:16		0.00		0.00		16.25		20.23		21
09:36:17		0.00		0.00		16.17		20.19		18
09:36:19		0.00		0.00		16.17		20.19		18
09:36:20		0.00		0.00		16.19		20.18		18
09:36:22		0.00		0.00		16.19		20.18		20
09:36:23		0.00		0.00		16.27		20.31		20
09:36:24		0.00		0.00		16.27		20.31		28
09:36:26		0.00		0.00		16.27		20.31		28
09:36:27		0.00		0.00		16.17		20.22		32
09:36:29		0.00		0.00		16.17		20.22		32
09:36:30		0.00		0.00		16.21		20.25		35
09:36:32		0.00		0.00		16.21		20.25		35
09:36:33		0.00		0.00		16.23		20.26		35
09:36:35		0.00		0.00		16.23		20.26		34
09:36:36		0.00		0.00		16.23		20.26		34
09:36:38		0.00		0.00		16.13		20.26		48
09:36:39		0.00		0.00		16.13		20.26		48
09:36:41		0.00		0.00		16.21		20.25		55
09:36:42		0.00		0.00		16.21		20.25		55
09:36:44		0.00		0.00		16.19		20.26		55
09:36:45		0.00		0.00		16.19		20.26		62
09:36:47		0.00		0.00		16.13		20.25		62
09:36:48		0.00		0.00		16.13		20.25		63
09:36:49		0.00		0.00		16.13		20.25		63
09:36:51		0.00		0.00		16.21		20.24		61
09:36:52		0.00		0.00		16.21		20.24		61
09:36:54		0.00		0.00		16.23		20.25		61
09:36:55		0.00		0.00		16.23		20.25		65
09:36:57		0.00		0.00		16.15		20.26		65
09:36:58		0.00		0.00		16.15		20.26		58
09:37:00		0.00		0.00		16.15		20.26		58
09:37:01		0.00		0.00		16.29		20.26		50
09:37:03		0.00		0.00		16.29		20.26		50
09:37:04		0.00		0.00		16.07		20.24		51
09:37:06		0.00		0.00		16.07		20.24		51
09:37:07		0.00		0.00		16.11		20.24		51
09:37:09		0.00		0.00		16.11		20.24		40
09:37:10		0.00		0.00		16.11		20.24		40
09:37:12		0.00		0.00		16.27		20.24		34
09:37:13		0.00		0.00		16.27		20.24		34
09:37:14		0.00		0.00		16.21		20.24		23
09:37:16		0.00		0.00		16.21		20.24		23
09:37:17		0.00		0.00		16.15		20.24		23
09:37:19		0.00		0.00		16.15		20.24		23
09:37:20		0.00		0.00		16.27		20.24		23
09:37:22		0.00		0.00		16.27		20.24		14
09:37:23		0.00		0.00		16.27		20.24		14
09:37:25		0.00		0.00		16.19		20.24		10
09:37:26		0.00		0.00		16.19		20.24		10
09:37:28		0.00		0.00		16.17		20.24		10
09:37:29		0.00		0.00		16.17		20.24		10
09:37:31		0.00		0.00		16.25		20.24		10
09:37:32		0.00		0.00		16.25		20.24		6
09:37:34		0.00		0.00		16.25		20.24		6
09:37:35		0.00		0.00		16.17		20.24		6
09:37:37		0.00		0.00		16.17		20.24		6
09:37:38		0.00		0.00		16.21		20.24		3
09:37:39		0.00		0.00		16.21		20.24		3
09:37:41		0.00		0.00		16.27		20.24		3
09:37:42		0.00		0.00		16.27		20.24		3
09:37:44		0.00		0.00		16.27		20.24		3
09:37:45		0.00		0.00		16.17		20.24		4
09:37:47		0.00		0.00		16.17		20.24		4
09:37:48		0.00		0.00		16.25		20.25		6
09:37:50		0.00		0.00		16.25		20.25		6
09:37:51		0.00		0.00		16.21		20.25		6
09:37:53		0.00		0.00		16.21		20.25		16
09:37:54		0.00		0.00		16.15		20.28		16
09:37:56		0.00		0.00		16.15		20.28		15
09:37:57		0.00		0.00		16.15		20.28		15
09:37:59		0.00		0.00		16.21		20.28		16
09:38:00		0.00		0.00		16.21		20.28		16
09:38:02		0.00		0.00		16.19		20.32		21
09:38:03		0.00		0.00		16.19		20.32		21
09:38:05		0.00		0.00		16.11		20.40		21
09:38:06		0.00		0.00		16.11		20.40		26
09:38:07		0.00		0.00		16.11		20.40		26
09:38:09		0.00		0.00		16.27		20.41		26
09:38:10		0.00		0.00		16.27		20.41		26
09:38:12		0.00		0.00		16.25		20.47		30
09:38:13		0.00		0.00		16.25		20.47		30
09:38:15		0.00		0.00		16.13		20.49		30
09:38:16		0.00		0.00		16.13		20.49		47
09:38:18		0.00		0.00		16.23		20.51		47
09:38:19		0.00		0.00		16.23		20.51		49
09:38:21		0.00		0.00		16.23		20.51		49
09:38:22		0.00		0.00		16.27		20.52		49
09:38:24		0.00		0.00		16.27		20.52		49
09:38:25		0.00		0.00		16.15		20.52		49
09:38:27		0.00		0.00		16.15		20.52		75
09:38:28		0.00		0.00		16.23		20.51		75
09:38:30		0.00		0.00		16.23		20.51		74
09:38:31		0.00		0.00		16.23		20.51		74
09:38:32		0.00		0.00		16.23		20.54		67
09:38:34		0.00		0.00		16.23		20.54		67
09:38:35		0.00		0.00		16.11		20.52		66
09:38:37		0.00		0.00		16.11		20.52		66
09:38:38		0.00		0.00		16.19		20.54		66
09:38:40		0.00		0.00		16.19		20.54		70
09:38:41		0.00		0.00		16.19		20.54		70
09:38:43		0.00		0.00		16.23		20.54		66
09:38:44		0.00		0.00		16.23		20.54		66
09:38:46		0.00		0.00		16.15		20.54		50
09:38:47		0.00		0.00		16.15		20.54		50
09:38:49		0.00		0.00		16.27		20.52		50
09:38:50		0.00		0.00		16.27		20.52		39
09:38:52		0.00		0.00		16.19		20.58		39
09:38:53		0.00		0.00		16.19		20.58		19
09:38:55		0.00		0.00		16.19		20.58		19
09:38:56		0.00		0.00		16.19		20.53		20
09:38:57		0.00		0.00		16.19		20.53		20
09:38:59		0.00		0.00		16.27		20.51		20
09:39:00		0.00		0.00		16.27		20.51		20
09:39:02		0.00		0.00		16.19		20.51		20
09:39:03		0.00		0.00		16.19		20.51		20
09:39:05		0.00		0.00		16.19		20.51		20
09:39:06		0.00		0.00		16.13		20.51		21
09:39:08		0.00		0.00		16.13		20.51		21
09:39:09		0.00		0.00		16.21		20.51		19
09:39:11		0.00		0.00		16.21		20.51		19
09:39:12		0.00		0.00		16.21		20.51		19
09:39:14		0.00		0.00		16.21		20.51		20
09:39:15		0.00		0.00		16.21		20.51		20
09:39:17		0.00		0.00		16.13		20.51		19
09:39:18		0.00		0.00		16.13		20.51		19
09:39:20		0.00		0.00		16.19		20.51		20
09:39:21		0.00		0.00		16.19		20.51		20
09:39:22		0.00		0.00		16.19		20.52		20
09:39:24		0.00		0.00		16.19		20.52		20
09:39:25		0.00		0.00		16.19		20.52		20
09:39:27		0.00		0.00		16.19		20.52		17
09:39:28		0.00		0.00		16.19		20.52		17
09:39:30		0.00		0.00		16.19		20.52		20
09:39:31		0.00		0.00		16.19		20.52		20
09:39:33		0.00		0.00		16.17		20.51		20
09:39:34		0.00		0.00		16.17		20.51		20
09:39:36		0.00		0.00		16.15		20.51		20
09:39:37		0.00		0.00		16.15		20.51		16
09:39:39		0.00		0.00		16.15		20.51		16
09:39:40		0.00		0.00		16.25		20.51		17
09:39:42		0.00		0.00		16.25		20.51		17
09:39:44		0.00		0.00		16.23		20.51		20
09:39:46		0.00		0.00		16.23		20.51		20
09:39:47		0.00		0.00		16.11		20.51		20
09:39:48		0.00		0.00		16.11		20.51		20
09:39:50		0.00		0.00		16.23		20.51		20
09:39:51		0.00		0.00		16.23		20.51		19
09:39:53		0.00		0.00		16.23		20.51		19
09:39:54		0.00		0.00		16.17		20.51		17
09:39:56		0.00		0.00		16.17		20.51		17
09:39:57		0.00		0.00		16.15		20.52		17
09:39:59		0.00		0.00		16.15		20.52		17
09:40:00		0.00		0.00		16.25		20.52		17
09:40:02		0.00		0.00		16.25		20.52		13
09:40:03		0.00		0.00		16.25		20.52		13
09:40:05		0.00		0.00		16.17		20.52		18
09:40:06		0.00		0.00		16.17		20.52		18
09:40:08		0.00		0.00		16.13		20.52		17
09:40:09		0.00		0.00		16.13		20.52		17
09:40:11		0.00		0.00		16.25		20.52		17
09:40:12		0.00		0.00		16.25		20.52		20
09:40:14		0.00		0.00		16.25		20.52		20
09:40:15		0.00		0.00		16.19		20.52		22
09:40:16		0.00		0.00		16.19		20.52		22
09:40:18		0.00		0.00		16.15		20.52		21
09:40:19		0.00		0.00		16.15		20.52		21
09:40:21		0.00		0.00		16.27		20.52		21
09:40:22		0.00		0.00		16.27		20.52		18
09:40:24		0.00		0.00		16.21		20.53		18
09:40:25		0.00		0.00		16.21		20.53		19
09:40:27		0.00		0.00		16.21		20.53		19
09:40:28		0.00		0.00		16.13		20.62		24
09:40:30		0.00		0.00		16.13		20.62		24
09:40:31		0.00		0.00		16.27		20.71		24
09:40:33		0.00		0.00		16.27		20.71		26
09:40:34		0.00		0.00		16.23		20.62		26
09:40:36		0.00		0.00		16.23		20.62		46
09:40:37		0.00		0.00		16.23		20.62		46
09:40:39		0.00		0.00		16.23		20.59		47
09:40:40		0.00		0.00		16.23		20.59		47
09:40:41		0.00		0.00		16.23		20.61		49
09:40:43		0.00		0.00		16.23		20.61		49
09:40:44		0.00		0.00		16.25		20.64		49
09:40:46		0.00		0.00		16.25		20.64		49
09:40:47		0.00		0.00		16.25		20.61		49
09:40:49		0.00		0.00		16.25		20.61		56
09:40:50		0.00		0.00		16.25		20.61		56
09:40:52		0.00		0.00		16.27		20.62		61
09:40:53		0.00		0.00		16.27		20.62		61
09:40:55		0.00		0.00		16.17		20.70		61
09:40:56		0.00		0.00		16.17		20.70		59
09:40:58		0.00		0.00		16.29		20.71		59
09:40:59		0.00		0.00		16.29		20.71		56
09:41:01		0.00		0.00		16.29		20.71		56
09:41:02		0.00		0.00		16.33		20.68		55
09:41:04		0.00		0.00		16.33		20.68		55
09:41:05		0.00		0.00		16.15		20.69		55
09:41:06		0.00		0.00		16.15		20.69		76
09:41:08		0.00		0.00		16.21		20.67		76
09:41:09		0.00		0.00		16.21		20.67		73
09:41:11		0.00		0.00		16.21		20.67		73
09:41:12		0.00		0.00		16.29		20.65		171
09:41:14		0.00		0.00		16.29		20.65		171
09:41:15		0.00		0.00		16.17		20.64		240
09:41:17		0.00		0.00		16.17		20.64		240
09:41:18		0.00		0.00		16.21		20.64		240
09:41:20		0.00		0.00		16.21		20.64		81
09:41:21		0.00		0.00		16.21		20.63		81
09:41:23		0.00		0.00		16.25		20.63		44
09:41:24		0.00		0.00		16.25		20.63		44
09:41:26		0.00		0.00		16.13		20.64		30
09:41:27		0.00		0.00		16.13		20.64		30
09:41:29		0.00		0.00		16.23		20.63		30
09:41:30		0.00		0.00		16.23		20.63		44
09:41:31		0.00		0.00		16.17		20.63		44
09:41:33		0.00		0.00		16.17		20.63		33
09:41:34		0.00		0.00		16.17		20.63		33
09:41:36		0.00		0.00		16.13		20.64		31
09:41:37		0.00		0.00		16.13		20.64		31
09:41:39		0.00		0.00		16.23		20.63		31
09:41:40		0.00		0.00		16.23		20.63		28
09:41:42		0.00		0.00		16.25		20.64		28
09:41:43		0.00		0.00		16.25		20.64		26
09:41:45		0.00		0.00		16.25		20.64		26
09:41:46		0.00		0.00		16.15		20.65		28
09:41:48		0.00		0.00		16.15		20.65		28
09:41:49		0.00		0.00		16.21		20.64		19
09:41:51		0.00		0.00		16.21		20.64		19
09:41:52		0.00		0.00		16.25		20.64		19
09:41:54		0.00		0.00		16.25		20.64		23
09:41:55		0.00		0.00		16.13		20.64		23
09:41:56		0.00		0.00		16.13		20.64		24
09:41:58		0.00		0.00		16.13		20.64		24
09:41:59		0.00		0.00		16.19		20.64		20
09:42:01		0.00		0.00		16.19		20.64		20
09:42:02		0.00		0.00		16.23		20.64		20
09:42:04		0.00		0.00		16.23		20.64		30
09:42:05		0.00		0.00		16.09		20.63		30
09:42:07		0.00		0.00		16.09		20.63		28
09:42:08		0.00		0.00		16.09		20.63		28
09:42:10		0.00		0.00		16.21		20.64		35
09:42:11		0.00		0.00		16.21		20.64		35
09:42:13		0.00		0.00		16.25		20.64		35
09:42:14		0.00		0.00		16.25		20.64		35
09:42:16		0.00		0.00		16.15		20.64		35
09:42:17		0.00		0.00		16.15		20.64		30
09:42:19		0.00		0.00		16.15		20.67		30
09:42:20		0.00		0.00		16.21		20.67		31
09:42:22		0.00		0.00		16.21		20.67		31
09:42:23		0.00		0.00		16.23		20.66		28
09:42:24		0.00		0.00		16.23		20.66		28
09:42:26		0.00		0.00		16.09		20.65		28
09:42:27		0.00		0.00		16.09		20.65		24
09:42:29		0.00		0.00		16.21		20.64		24
09:42:30		0.00		0.00		16.21		20.64		25
09:42:32		0.00		0.00		16.21		20.64		25
09:42:33		0.00		0.00		16.23		20.65		22
09:42:35		0.00		0.00		16.23		20.65		22
09:42:36		0.00		0.00		16.09		20.71		23
09:42:38		0.00		0.00		16.09		20.71		23
09:42:39		0.00		0.00		16.29		20.83		23
09:42:41		0.00		0.00		16.29		20.83		15
09:42:42		0.00		0.00		16.29		20.83		15
09:42:44		0.00		0.00		16.29		20.79		17
09:42:45		0.00		0.00		16.29		20.79		17
09:42:47		0.00		0.00		16.11		20.68		21
09:42:48		0.00		0.00		16.11		20.68		21
09:42:50		0.00		0.00		16.17		20.66		21
09:42:51		0.00		0.00		16.17		20.66		21
09:42:52		0.00		0.00		16.11		20.65		21
09:42:54		0.00		0.00		16.11		20.65		20
09:42:55		0.00		0.00		16.11		20.65		20
09:42:57		0.00		0.00		16.07		20.64		26
09:42:58		0.00		0.00		16.07		20.64		26
09:43:00		0.00		0.00		16.19		20.64		26
09:43:01		0.00		0.00		16.19		20.64		26
09:43:03		0.00		0.00		16.13		20.64		26
09:43:04		0.00		0.00		16.13		20.64		21
09:43:06		0.00		0.00		16.13		20.64		21
09:43:07		0.00		0.00		16.03		20.64		21
09:43:09		0.00		0.00		16.03		20.64		21
09:43:10		0.00		0.00		16.17		20.64		26
09:43:12		0.00		0.00		16.17		20.64		26
09:43:13		0.00		0.00		16.15		20.64		26
09:43:15		0.00		0.00		16.15		20.64		26
09:43:16		0.00		0.00		16.11		20.64		26
09:43:18		0.00		0.00		16.11		20.64		25
09:43:19		0.00		0.00		16.11		20.64		25
09:43:20		0.00		0.00		16.11		20.63		24
09:43:22		0.00		0.00		16.11		20.63		24
09:43:23		0.00		0.00		16.05		20.64		24
09:43:25		0.00		0.00		16.05		20.64		30
09:43:26		0.00		0.00		16.09		20.63		30
09:43:28		0.00		0.00		16.09		20.63		30
09:43:29		0.00		0.00		16.09		20.63		30
09:43:31		0.00		0.00		16.17		20.63		31
09:43:32		0.00		0.00		16.17		20.63		31
09:43:34		0.00		0.00		16.09		20.64		33
09:43:35		0.00		0.00		16.09		20.64		33
09:43:37		0.00		0.00		16.01		20.63		33
09:43:38		0.00		0.00		16.01		20.63		30
